00 100010010000000000 111111111111111110 110111110000010000 111111111111111111 000000000000000000 111001100010001000 100000000000000000 111001100010001000 000000000000000000 011000010000000000 000000000000000000 010000000000000000 000000000000000000 001010001000000000 000000000000000000 001010101000000001 
01 000000000000000000 110111111110010000 000000000000000000 111111111110011000 000000000000000000 111001100000000000 000000000000000000 111001100000000000 000000000000000000 010000000000000000 000000000000000000 010000000000000000 000000000000000000 001010001000000000 000000000000000000 001010001000000000 
02 000000000000000000 010011010000010000 000000000000000000 110111011010010000 000000000000000000 100000100000000000 000000000000000000 000000000000000000 000000000000000000 000000000000000000 000000000000000000 000000000000000000 000000000000000000 000000000000000000 000000000000000000 000000001000000000 
03 000000000000000000 010011010000010000 000000000000000000 010011000000010000 000000000000000000 000000000000000000 000000000000000000 000000000000000000 000000000000000000 000000000000000000 000000000000000000 000000000000000000 000000000000000000 000000000000000000 000000000000000000 000000000000000000 
04 000000000000000000 000000000000000000 000000000000000000 000010000000000000 000000000000000000 000000000000000000 000000000000000000 000000000000000000 000000000000000000 000000000000000000 000000000000000000 000000000000000000 000000000000000000 000000000000000000 000000000000000000 000000000000000000 
05 000000000000000000 000000000000000000 000000000000000000 000000000000000000 000000000000000000 000000000000000000 000000000000000000 000000000000000000 000000000000000000 000000000000000000 000000000000000000 000000000000000000 000000000000000000 000000000000000000 000000000000000000 000000000000000000 
06 000000000000000000 000000000000000000 000000000000000000 000000000000000000 000000000000000000 000000000000000000 000000000000000000 000000000000000000 000000000000000000 000000000000000000 000000000000000000 000000000000000000 000000000000000000 000000000000000000 000000000000000000 000000000000000000 
07 000000000000000000 000000000000000000 000000000000000000 000000000000000000 000000000000000000 000000000000000000 000000000000000000 000000000000000000 000000000000000000 000000000000000000 000000000000000000 000000000000000000 000000000000000000 000000000000000000 000000000000000000 000000000000000000 
08 000000000000000000 000000000000000000 000000000000000000 000000000000000000 000000000000000000 000000000000000000 000000000000000000 000000000000000000 000000000000000000 000000000000000000 000000000000000000 000000000000000000 000000000000000000 000000000000000000 000000000000000000 000000000000000000 
09 000000000000000000 000000000000000000 000000000000000000 000000000000000000 000000000000000000 000000000000000000 000000000000000000 000000000000000000 000000000000000000 000000000000000000 000000000000000000 000000000000000000 000000000000000000 000000000000000000 000000000000000000 000000000000000000 
10 000000000000000000 000000000000000000 000000000000000000 000000000000000000 000000000000000000 000000000000000000 000000000000000000 000000000000000000 000000000000000000 000000000000000000 000000000000000000 000000000000000000 000000000000000000 000000000000000000 000000000000000000 000000000000000000 
11 000000000000000000 000000000000000000 000000000000000000 000000000000000000 000000000000000000 000000000000000000 000000000000000000 000000000000000000 000000000000000000 000000000000000000 000000000000000000 000000000000000000 000000000000000000 000000000000000000 000000000000000000 000000000000000000 
12 000000000000000000 000000000000000000 000000000000000000 000000000000000000 000000000000000000 000000000000000000 000000000000000000 000000000000000000 000000000000000000 000000000000000000 000000000000000000 000000000000000000 000000000000000000 000000000000000000 000000000000000000 000000000000000000 
13 000000000000000000 000000000000000000 000000000000000000 000000000000000000 000000000000000000 000000000000000000 000000000000000000 000000000000000000 000000000000000000 000000000000000000 000000000000000000 000000000000000000 000000000000000000 000000000000000000 000000000000000000 000000000000000000 
14 000000000000000000 000000000000000000 000000000000000000 000000000000000000 000000000000000000 000000000000000000 000000000000000000 000000000000000000 000000000000000000 000000000000000000 000000000000000000 000000000000000000 000000000000000000 000000000000000000 000000000000000000 000000000000000000 
15 000000000000000000 000000000000000000 000000000000000000 000000000000000000 000000000000000000 000000000000000000 000000000000000000 000000000000000000 000000000000000000 000000000000000000 000000000000000000 000000000000000000 000000000000000000 000000000000000000 000000000000000000 000000000000000000 
16 000000000000000000 000000000000000000 000000000000000000 000000000000000000 000000000000000000 000000000000000000 000000000000000000 000000000000000000 000000000000000000 000000000000000000 000000000000000000 000000000000000000 000000000000000000 000000000000000000 000000000000000000 000000000000000000 
17 000000000000000000 000000000000000000 000000000000000000 000000000000000000 000000000000000000 000000000000000000 000000000000000000 000000000000000000 000000000000000000 000000000000000000 000000000000000000 000000000000000000 000000000000000000 000000000000000000 000000000000000000 000000000000000000 
18 000000000000000000 000000000000000000 000000000000000000 000000000000000000 000000000000000000 000000000000000000 000000000000000000 000000000000000000 000000000000000000 000000000000000000 000000000000000000 000000000000000000 000000000000000000 000000000000000000 000000000000000000 000000000000000000 
19 000000000000000000 000000000000000000 000000000000000000 000000000000000000 000000000000000000 000000000000000000 000000000000000000 000000000000000000 000000000000000000 000000000000000000 000000000000000000 000000000000000000 000000000000000000 000000000000000000 000000000000000000 000000000000000000 
20 000000000000000000 000000000000000000 000000000000000000 000000000000000000 000000000000000000 000000000000000000 000000000000000000 000000000000000000 000000000000000000 000000000000000000 000000000000000000 000000000000000000 000000000000000000 000000000000000000 000000000000000000 000000000000000000 
21 000000000000000000 000000000000000000 000000000000000000 000000000000000000 000000000000000000 000000000000000000 000000000000000000 000000000000000000 000000000000000000 000000000000000000 000000000000000000 000000000000000000 000000000000000000 000000000000000000 000000000000000000 000000000000000000 
22 000000000000000000 000000000000000000 000000000000000000 000000000000000000 000000000000000000 000000000000000000 000000000000000000 000000000000000000 000000000000000000 000000000000000000 000000000000000000 000000000000000000 000000000000000000 000000000000000000 000000000000000000 000000000000000000 
23 000000000000000000 000000000000000000 000000000000000000 000000000000000000 000000000001000001 000000000000000000 000000000001000000 000000000000000000 000000000001001000 000000000000000000 000000000000000000 000000000000000000 000000000010000100 000000000000000000 000000000000000000 000000000000000000 
24 000000000000000000 000000000000000000 000000000000000000 000000000000000000 001000001001100111 000000000001000000 001000000001000101 000000000001000000 000001000111111110 000000000000000000 000000000101101010 000000000000000000 001000100111100100 000000000000000000 000000000110000000 000000000000000000 
25 000000000000000000 000000000000000000 000000000000000000 000000000000000000 001000111111111111 000000000001000000 001000101101111111 000000000001000000 011101110111111111 000000000000000000 111101010111111111 000000000001001010 111100110111111111 000000000000000000 111000100111100100 000000000110000000 
26 000000000011100000 000000000000000000 000000000010000000 000000000000000000 111111111111111111 001000000101000101 111111111111111111 001000000001000100 111111111111111111 000000000001001010 111111111111111111 101001010111001110 111111111111111111 001000000111000000 111110110111101111 000000000111000100 
27 011100000111110000 000000000000000000 011100000111110001 000000000000000000 111111110111001100 101101111101000101 111111111111111110 101110111101100111 111111111111000011 011001010111101110 111111111111011011 111101111111111111 101111111101111111 111000000111000100 101111111101111111 111000000111100110 
28 111111001111111101 001000000011100000 011110000111111101 001000000001100000 111011100111001100 111111111101111111 111111100111001100 111110111111111111 111000010011000010 111001111111111111 111111011011000010 111111111111111111 001111111001011111 111100100111101111 001111111001011111 111100100111110111 
29 111111101111111111 001100000111101001 111111001111111101 001100000111111001 111001100111001100 111111111111111111 111001100111001100 111111111111111110 011000010011000010 111111111111111111 011010010011000010 111111011011111011 001011111001011101 111111110111111111 001011111001011111 111110111101111111 
30 111111111111111111 111110000111111101 111111111110111111 001110000111111101 111001100110001000 111111111111111110 111001100111001100 111111100111101100 010000000000000000 111111111011011011 011000010000000000 011010011011000011 001011111001010001 001111111001011111 001010001001010001 001111111001111111 
00 110010010000000000 111111111110111110 010010010000000000 111111111110111110 000000000000000000 111001100010001000 000000000000000000 111001100010001000 000000000000000000 011000010000000000 000000000000000000 010000000000000000 000000000000000000 001010001000000000 000000000000000000 001010101000000001 
01 000000000000000000 110111111110010000 000000000000000000 110111111010011000 000000000000000000 111001100000001000 000000000000000000 110001100000000000 000000000000000000 011000000000000000 000000000000000000 010000000000000000 000000000000000000 001010001000000000 000000000000000000 001010001000000000 
02 000000000000000000 110111011000010000 000000000000000000 110111011010010000 000000000000000000 100000000000000000 000000000000000000 000000000000000000 000000000000000000 000000000000000000 000000000000000000 000000000000000000 000000000000000000 000000000000000000 000000000000000000 000000001000000000 
03 000000000000000000 000010000000010000 000000000000000000 010011000000010000 000000000000000000 000000000000000000 000000000000000000 000000000000000000 000000000000000000 000000000000000000 000000000000000000 000000000000000000 000000000000000000 000000000000000000 000000000000000000 000000000000000000 
04 000000000000000000 000000000000000000 000000000000000000 000010000000000000 000000000000000000 000000000000000000 000000000000000000 000000000000000000 000000000000000000 000000000000000000 000000000000000000 000000000000000000 000000000000000000 000000000000000000 000000000000000000 000000000000000000 
05 000000000000000000 000000000000000000 000000000000000000 000000000000000000 000000000000000000 000000000000000000 000000000000000000 000000000000000000 000000000000000000 000000000000000000 000000000000000000 000000000000000000 000000000000000000 000000000000000000 000000000000000000 000000000000000000 
06 000000000000000000 000000000000000000 000000000000000000 000000000000000000 000000000000000000 000000000000000000 000000000000000000 000000000000000000 000000000000000000 000000000000000000 000000000000000000 000000000000000000 000000000000000000 000000000000000000 000000000000000000 000000000000000000 
07 000000000000000000 000000000000000000 000000000000000000 000000000000000000 000000000000000000 000000000000000000 000000000000000000 000000000000000000 000000000000000000 000000000000000000 000000000000000000 000000000000000000 000000000000000000 000000000000000000 000000000000000000 000000000000000000 
08 000000000000000000 000000000000000000 000000000000000000 000000000000000000 000000000000000000 000000000000000000 000000000000000000 000000000000000000 000000000000000000 000000000000000000 000000000000000000 000000000000000000 000000000000000000 000000000000000000 000000000000000000 000000000000000000 
09 000000000000000000 000000000000000000 000000000000000000 000000000000000000 000000000000000000 000000000000000000 000000000000000000 000000000000000000 000000000000000000 000000000000000000 000000000000000000 000000000000000000 000000000000000000 000000000000000000 000000000000000000 000000000000000000 
10 000000000000000000 000000000000000000 000000000000000000 000000000000000000 000000000000000000 000000000000000000 000000000000000000 000000000000000000 000000000000000000 000000000000000000 000000000000000000 000000000000000000 000000000000000000 000000000000000000 000000000000000000 000000000000000000 
11 000000000000000000 000000000000000000 000000000000000000 000000000000000000 000000000000000000 000000000000000000 000000000000000000 000000000000000000 000000000000000000 000000000000000000 000000000000000000 000000000000000000 000000000000000000 000000000000000000 000000000000000000 000000000000000000 
12 000000000000000000 000000000000000000 000000000000000000 000000000000000000 000000000000000000 000000000000000000 000000000000000000 000000000000000000 000000000000000000 000000000000000000 000000000000000000 000000000000000000 000000000000000000 000000000000000000 000000000000000000 000000000000000000 
13 000000000000000000 000000000000000000 000000000000000000 000000000000000000 000000000000000000 000000000000000000 000000000000000000 000000000000000000 000000000000000000 000000000000000000 000000000000000000 000000000000000000 000000000000000000 000000000000000000 000000000000000000 000000000000000000 
14 000000000000000000 000000000000000000 000000000000000000 000000000000000000 000000000000000000 000000000000000000 000000000000000000 000000000000000000 000000000000000000 000000000000000000 000000000000000000 000000000000000000 000000000000000000 000000000000000000 000000000000000000 000000000000000000 
15 000000000000000000 000000000000000000 000000000000000000 000000000000000000 000000000000000000 000000000000000000 000000000000000000 000000000000000000 000000000000000000 000000000000000000 000000000000000000 000000000000000000 000000000000000000 000000000000000000 000000000000000000 000000000000000000 
16 000000000000000000 000000000000000000 000000000000000000 000000000000000000 000000000000000000 000000000000000000 000000000000000000 000000000000000000 000000000000000000 000000000000000000 000000000000000000 000000000000000000 000000000000000000 000000000000000000 000000000000000000 000000000000000000 
17 000000000000000000 000000000000000000 000000000000000000 000000000000000000 000000000000000000 000000000000000000 000000000000000000 000000000000000000 000000000000000000 000000000000000000 000000000000000000 000000000000000000 000000000000000000 000000000000000000 000000000000000000 000000000000000000 
18 000000000000000000 000000000000000000 000000000000000000 000000000000000000 000000000000000000 000000000000000000 000000000000000000 000000000000000000 000000000000000000 000000000000000000 000000000000000000 000000000000000000 000000000000000000 000000000000000000 000000000000000000 000000000000000000 
19 000000000000000000 000000000000000000 000000000000000000 000000000000000000 000000000000000000 000000000000000000 000000000000000000 000000000000000000 000000000000000000 000000000000000000 000000000000000000 000000000000000000 000000000000000000 000000000000000000 000000000000000000 000000000000000000 
20 000000000000000000 000000000000000000 000000000000000000 000000000000000000 000000000000000000 000000000000000000 000000000000000000 000000000000000000 000000000000000000 000000000000000000 000000000000000000 000000000000000000 000000000000000000 000000000000000000 000000000000000000 000000000000000000 
21 000000000000000000 000000000000000000 000000000000000000 000000000000000000 000000000000000000 000000000000000000 000000000000000000 000000000000000000 000000000000000000 000000000000000000 000000000000000000 000000000000000000 000000000000000000 000000000000000000 000000000000000000 000000000000000000 
22 000000000000000000 000000000000000000 000000000000000000 000000000000000000 000000000000000000 000000000000000000 000000000000000000 000000000000000000 000000000000000000 000000000000000000 000000000000000000 000000000000000000 000000000000000000 000000000000000000 000000000000000000 000000000000000000 
23 000000000000000000 000000000000000000 000000000000000000 000000000000000000 000000000001000001 000000000000000000 000000000001000000 000000000000000000 000000000001001000 000000000000000000 000000000000000000 000000000000000000 000000000000000000 000000000000000000 000000000000000000 000000000000000000 
24 000000000000000000 000000000000000000 000000000000000000 000000000000000000 001000000001100111 000000000000000000 001000000001000100 000000000001000000 000001000111101110 000000000000000000 000000000101101010 000000000000000000 000000000111000100 000000000000000000 000000000110000000 000000000000000000 
25 000000000010000000 000000000000000000 000000000000000000 000000000000000000 101110111111111111 000000000001000000 101100111101111111 000000000001000000 111101111111111111 000000000000000000 111101111111111111 000000000001001010 111100110111101111 000000000000000000 111000100111100110 000000000000000000 
26 000000000011100000 000000000000000000 001000000011100000 000000000000000000 111111111111111111 001000000101000101 111111111111111111 001000000001000101 111111111111111111 000000000001001010 111101111111111111 101001110111001110 111111111111111111 000000000111000000 111110110111111111 001000000111000100 
27 011110000111111001 000000000000000000 011100000111110001 000000000000000000 111111111111011100 101101111101100101 111111111111111110 101110111101100111 111111111111011111 000001000111001110 111111111111011011 111101111111111111 101111111101111111 111000000111000100 101111111101111111 111000000111100100 
28 111111001111111101 001000000011100000 011111000111111001 001000000001000000 111001100111001100 111111111111111111 111111100111011100 111110111111111111 111010010011000010 111001111111111111 111111011011000010 111111111111111111 001111111001011111 111000100111111111 001111111001011111 111100110111110111 
29 111111101111111101 011100000111111001 111111101111111101 001100000111111000 111001100111001100 111111111111111110 111001100111001100 111111111111111110 011000010011000010 111111111111111111 011000010011000010 111111011011111011 001011111001011101 111111111101111111 001011111001011111 111110110111111111 
30 111111111111111111 111111000111111101 111111101111111111 011110000111111101 111001100100001000 111111110111111110 111001100111001100 111111100111111100 000000000000000000 111111011011011011 010000010000000000 011010010011000011 001011111001010001 001111111001111111 001011001001010001 001111111001111111 
