00 000000000000000000 000000000000000000 000000000000000000 000000000000000000 000000000000000000 000000000000000000 000000000000000000 000000000000000000 000000000000000000 000000000000000000 000000000000000000 000000000000000000 000000000000000000 000000000000000000 000000000000000000 000000000000000000 
01 000000000000000000 000000000000000000 000000000000000000 000000000000000000 000000000000000000 000000000000000000 000000000000000000 000000000000000000 000000000000000000 000000000000000000 000000000000000000 000000000000000000 000000000000000000 000000000000000000 000000000000000000 000000000000000000 
02 000000000000000000 000000000000000000 000000000000000000 000000000000000000 000000000000000000 000000000000000000 000000000000000000 000000000000000000 000000000000000000 000000000000000000 000000000000000000 000000000000000000 000000000000000000 000000000000000000 000000000000000000 000000000000000000 
03 000000000000000000 000000000000000000 000000000000000000 000000000000000000 000000000000000000 000000000000000000 000000000000000000 000000000000000000 000000000000000000 000000000000000000 000000000000000000 000000000000000000 000000000000000000 000000000000000000 000000000000000000 000000000000000000 
04 000000000000000000 000000000000000000 000000000000000000 000000000000000000 000000000000000000 000000000000000000 000000000000000000 000000000000000000 000000000000000000 000000000000000000 000000000000000000 000000000000000000 000000000000000000 000000000000000000 000000000000000000 000000000000000000 
05 000000000000000000 000000000000000000 000000000000000000 000000000000000000 000000000000000000 000000000000000000 000000000000000000 000000000000000000 000000000000000000 000000000000000000 000000000000000000 000000000000000000 000000000000000000 000000000000000000 000000000000000000 000000000000000000 
06 000000000000000000 000000000000000000 000000000000000000 000000000000000000 000000000000000000 000000000000000000 000000000000000000 000000000000000000 000000000000000000 000000000000000000 000000000000000000 000000000000000000 000000000000000000 000000000000000000 000000000000000000 000000000000000000 
07 000000000000000000 000000000000000000 000000000000000000 000000000000000000 000000000000000000 000000000000000000 000000000000000000 000000000000000000 000000000000000000 000000000000000000 000000000000000000 000000000000000000 000000000000000000 000000000000000000 000000000000000000 000000000000000000 
08 000000000000000000 000000000000000000 000000000000000000 000000000000000000 000000000000000000 000000000000000000 000000000000000000 000000000000000000 000000000000000000 000000000000000000 000000000000000000 000000000000000000 000000000000000000 000000000000000000 000000000000000000 000000000000000000 
09 000000000000000000 000000000000000000 000000000000000000 000000000000000000 000000000000000000 000000000000000000 000000000000000000 000000000000000000 000000000000000000 000000000000000000 000000000000000000 000000000000000000 000000000000000000 000000000000000000 000000000000000000 000000000000000000 
10 000000000000000000 000000000000000000 000000000000000000 000000000000000000 000000000000000000 000000000000000000 000000000000000000 000000000000000000 000000000000000000 000000000000000000 000000000000000000 000000000000000000 000000000000000000 000000000000000000 000000000000000000 000000000000000000 
11 000000000000000000 000000000000000000 000000000000000000 000000000000000000 000000000000000000 000000000000000000 000000000000000000 000000000000000000 000000000000000000 000000000000000000 000000000000000000 000000000000000000 000000000000000000 000000000000000000 000000000000000000 000000000000000000 
12 000000000000000000 000000000000000000 000000000000000000 000000000000000000 000000000000000000 000000000000000000 000000000000000000 000000000000000000 000000000000000000 000000000000000000 000000000000000000 000000000010000000 000000000000000000 000000000000000000 000000000000000000 000000000000000000 
13 000000000000000000 000000000000000000 000000000000000000 000000000000000000 000000000000000000 000000000000000000 000000000000000000 000000000000000000 000000000000000000 000000000010000010 000000000000000000 000000010010000010 000000000000000000 000000000000000000 000000000000000000 000000000000000000 
14 000000000000000000 000000000000000000 000000000000000000 000000000000000000 000000000000000000 000000000000000000 000000000000000000 000000000000000000 000000000000000000 010000010010000010 000000000000000000 010000010010001010 000000000000000000 000000000000000000 000000000000000000 000000000000000000 
15 000000000000000000 000000000000000000 000000000000000000 000000000000000100 000000000000000000 000000000000000000 000000000000000000 000000000000000000 000000000000000000 010000010011001010 000000000000000000 010001010011001010 000000000000000000 000000000000000000 000000000000000000 000000000000000001 
16 000000000000000000 000000000000010100 000000000000000000 000000000011010100 000000000000000000 000000000000000000 000000000000000000 000000000000000000 000000000000001000 010001010111001110 000000000000001000 010001010101001100 000000000000000000 000000000100000001 000000000000000000 000000000110000101 
17 000000000000000000 011000100011010100 000000000000000000 011100100011110110 000000000000000000 000000000000000000 000000000000000000 000000000000000000 000000000000001010 011001010101001101 000000010010001010 001001010101011101 000000000000000000 100000001111010101 000000000000000000 110000001111111111 
18 000000000000000000 011110110011110100 000000000000000100 011110110011110110 000000000000000000 000000000000000000 000000000000000000 010010000000000000 000000000010001010 101001010101011101 010001010010001010 101001000101011101 000000000000000000 110100001111111111 000000000000000001 110101111111111111 
19 000000000000000000 011110110111110110 000000000001010110 111110011111110111 000000000000000000 010010000000000000 000000000010010000 010010000010010000 010000010011001010 101001101100111001 010001010011001100 101001101000111101 000000000000000000 111101011111111111 000000000000000001 111111111111111111 
20 000000000010010110 111111111111110111 001000100011010010 100011011111110111 000000000010010000 011011110010000000 000010000110010100 111111110110010000 011001010011001000 101011101000110000 010001010001001100 000111001000110000 000000000000000001 111111111111111111 000000000100100101 111111111111111111 
21 000000100011010110 111111111111111011 011110100011110010 100011001111111111 010010000111010100 111111111110010100 111010000101011100 101111111100010101 011001010101001101 000110000000100000 011001000101001101 000110000000100000 000000000110100111 111111110111111110 000000001110100111 111111110111111110 
22 011110110010110010 111111111100011001 011110011100000001 111111111101011001 110010100111111101 101111111101011101 111010100101111011 101111111101111111 011001000101111101 000110000000000000 011001100101011101 000000000000100000 000000001111111111 111111000110110000 110101111111111110 110111000100110000 
23 011110010100001001 000000000000000000 110100011100001001 010000010000000000 111010100100111111 000111011100111111 101010111101111011 000111011000110011 101001100101110101 000000000000000000 101001101100110100 000000000000000000 110101111111111110 100100000100100000 111101110111111100 100100000100100000 
24 101101001000001001 000000000000000000 100001001000000000 000000000000000000 101111111000110011 000111010000110010 101111011000010010 000110010000010000 101111101000000000 000000000000000000 000111101000000000 000000000000000000 111111110111111100 100100000100000000 111111110111110100 100100000000000000 
25 100001001000000000 000000000000000000 100001001000000000 000000000000000000 100111111000110011 000010010000010000 100011011000010000 000010000000010000 001110101000000000 000000000000000000 000110100000000000 000000000000000000 111111110110100000 000100000000000000 110111000110100000 000100000000000000 
26 000001001000000000 000000000000000000 000000001000000000 000000000000000000 100010011000010000 000010000000010000 100010010000010000 000010000000010000 001000000000000000 000000000000000000 000000000000000000 000000000000000000 110101000100100000 000000000000000000 110101000100100000 000000000000000000 
27 000000000000000000 000000000000000000 000000000000000000 000000000000000000 000010010000010000 000010000000010000 000010010000010000 000000000000010000 000000000000000000 000000000000000000 000000000000000000 000000000000000000 110100000100100000 000000000000000000 110100000100000000 000000000000000000 
28 000000000000000000 000000000000000000 000000000000000000 000000000000000000 000010010000000000 000000000000010000 000010000000010000 000000000000010000 000000000000000000 000000000000000000 000000000000000000 000000000000000000 110100000000000000 000000000000000000 100100000000000000 000000000000000000 
29 000000000000000000 000000000000000000 000000000000000000 000000000000000000 000010000000000000 000000000000000000 000010000000000000 000000000000010000 000000000000000000 000000000000000000 000000000000000000 000000000000000000 100100000000000000 000000000000000000 100100000000000000 000000000000000000 
30 000000000000000000 000000000000000000 000000000000000000 000000000000000000 000000000000000000 000000000000000000 000000000000000000 000000000000010000 000000000000000000 000000000000000000 000000000000000000 000000000000000000 000000000000000000 000000000000000000 000000000000000000 000000000000000000 
