12345
12345
12345
12345
12345
12345
12345
12345
1 1 1 2 1 1 13 6 9 6 0 104
1 1 1 0 2 1 15 10 109 3 0 113
1 1 1 0 4 1 15 10 4 9 0 69
12345
12345
12345
12345
12345
12345
1 1 1 0 5 2 0 0 14 1 0 1174
1 1 1 0 5 2 0 0 10 3 0 1155
1 1 1 0 5 2 0 0 11 5 0 1174
12345
12345
12345
12345
12345
12345
12345
12345
12345
12345
12345
12345
12345
12345
12345
12345
12345
12345
12345
12345
12345
12345
12345
12345
1 1 1 0 2 2 0 0 14 2 0 632
12345
12345
12345
12345
12345
12345
12345
12345
12345
12345
12345
12345
1 1 1 0 3 1 15 10 11 1 0 128
1 1 1 0 4 1 14 9 5 1 1 115
1 1 1 0 5 1 14 9 14 4 1 153
12345
12345
12345
12345
12345
12345
12345
12345
12345
12345
12345
12345
12345
12345
12345
12345
12345
12345
12345
12345
12345
12345
12345
12345
1 1 1 0 2 2 0 0 18 6 0 644
12345
12345
12345
12345
12345
12345
12345
12345
12345
12345
12345
12345
12345
12345
12345
12345
12345
12345
12345
12345
12345
12345
12345
1 1 1 0 2 2 0 0 16 6 0 721
12345
12345
1 1 1 0 6 2 0 0 14 2 0 314
12345
12345
12345
12345
12345
12345
12345
12345
12345
12345
12345
12345
12345
12345
12345
12345
12345
12345
12345
12345
12345
12345
12345
12345
1 1 1 0 3 2 0 0 14 1 0 820
12345
12345
12345
12345
12345
12345
12345
12345
12345
12345
12345
12345
12345
12345
12345
12345
12345
12345
12345
12345
1 1 1 0 1 2 0 0 21 1 0 513
12345
12345
12345
12345
12345
12345
12345
12345
12345
12345
12345
12345
1 1 1 2 1 1 14 9 8 1 1 148
1 1 1 0 2 1 15 10 40 2 0 105
1 1 1 0 3 1 14 9 40 2 1 45
1 1 1 0 4 1 14 9 44 2 1 32
12345
12345
12345
12345
12345
12345
12345
12345
12345
12345
12345
12345
12345
12345
12345
12345
12345
12345
12345
12345
12345
12345
12345
12345
12345
12345
12345
12345
12345
1 1 1 0 6 2 0 0 10 3 0 286
12345
12345
12345
12345
12345
12345
12345
12345
12345
12345
12345
12345
12345
1 1 1 2 1 1 15 10 29 1 0 101
1 1 1 0 2 1 15 10 69 2 0 138
1 1 1 0 3 1 15 10 62 2 0 21
1 1 1 0 4 1 15 10 67 2 0 24
12345
12345
12345
12345
12345
12345
12345
12345
12345
12345
12345
12345
12345
12345
12345
12345
12345
12345
12345
12345
12345
12345
12345
12345
12345
12345
1 1 1 0 6 2 0 0 14 2 0 281
12345
12345
12345
12345
12345
12345
12345
12345
12345
12345
12345
12345
12345
12345
12345
12345
12345
12345
12345
12345
12345
12345
1 1 1 0 2 2 0 0 20 1 0 700
12345
12345
12345
12345
12345
12345
12345
12345
12345
12345
12345
12345
12345
12345
12345
1 1 1 0 2 1 14 8 82 1 0 39
1 1 1 2 5 1 14 9 20 1 1 95
12345
12345
12345
12345
12345
12345
12345
12345
12345
12345
12345
12345
12345
12345
12345
12345
12345
12345
12345
12345
12345
1 1 1 2 1 1 14 9 12 2 1 93
1 1 1 0 2 1 15 10 25 3 0 79
1 1 1 0 3 1 15 10 27 3 0 68
1 1 1 0 4 1 15 10 24 3 0 60
12345
12345
12345
12345
12345
12345
12345
12345
12345
12345
1 1 1 0 0 2 0 0 13 3 0 424
12345
12345
12345
12345
12345
12345
12345
12345
12345
12345
12345
1 1 1 2 5 1 15 10 24 1 0 101
1 1 1 0 5 1 14 8 69 4 0 116
1 1 1 0 5 1 15 10 73 8 0 53
12345
12345
12345
12345
12345
12345
12345
12345
12345
12345
12345
12345
12345
12345
12345
12345
12345
12345
12345
12345
12345
12345
12345
12345
12345
12345
12345
12345
12345
12345
12345
1 1 1 0 4 2 0 0 20 4 0 1047
12345
12345
12345
12345
12345
12345
12345
12345
12345
12345
12345
1 1 1 2 5 1 15 10 44 1 0 14
1 1 1 2 5 1 14 9 5 2 1 41
1 1 1 0 5 1 15 10 13 7 0 109
1 1 1 0 5 1 15 10 21 9 0 116
12345
12345
12345
12345
12345
12345
1 1 1 0 6 2 0 0 14 1 0 215
1 1 1 0 6 2 0 0 14 2 0 227
1 1 1 0 6 2 0 0 15 3 0 217
1 1 1 0 6 2 0 0 13 5 0 217
12345
12345
12345
12345
12345
12345
12345
12345
12345
12345
12345
12345
12345
12345
12345
12345
12345
12345
12345
12345
12345
12345
12345
12345
12345
1 1 1 0 4 2 0 0 23 4 0 986
12345
12345
12345
12345
12345
12345
12345
12345
12345
12345
12345
1 1 1 2 1 1 14 9 27 1 1 30
1 1 1 0 2 1 15 10 64 2 0 118
1 1 1 0 3 1 14 9 57 2 1 31
12345
12345
12345
12345
12345
12345
12345
12345
12345
12345
12345
12345
12345
12345
12345
12345
12345
12345
12345
12345
1 1 1 0 4 1 15 10 30 2 0 118
12345
1 1 1 1 1 1 15 10 25 3 0 73
1 1 1 0 3 1 15 10 35 2 0 117
12345
12345
12345
12345
12345
12345
12345
12345
12345
12345
12345
12345
12345
12345
12345
12345
12345
12345
12345
12345
12345
12345
12345
12345
12345
12345
12345
12345
12345
12345
1 1 1 0 1 2 0 0 13 3 0 541
12345
12345
12345
12345
12345
12345
12345
12345
12345
12345
12345
12345
12345
12345
12345
12345
12345
12345
12345
1 1 1 0 2 2 0 0 10 3 0 670
12345
12345
12345
12345
12345
12345
12345
12345
12345
12345
12345
12345
12345
12345
12345
12345
12345
1 1 1 0 6 2 0 0 9 5 0 276
12345
12345
12345
12345
12345
12345
12345
12345
12345
12345
12345
12345
12345
12345
12345
12345
12345
12345
1 1 1 2 1 1 14 9 24 7 1 35
12345
12345
12345
12345
12345
12345
12345
12345
12345
12345
12345
12345
12345
12345
12345
12345
12345
12345
12345
12345
12345
1 1 1 1 1 1 12 4 19 4 0 152
1 1 1 1 1 1 12 4 17 5 0 18
1 1 1 0 4 1 14 9 4 5 1 5
12345
12345
12345
12345
12345
12345
1 1 1 0 0 2 0 0 13 1 0 466
1 1 1 0 0 2 0 0 13 1 0 478
1 1 1 0 1 2 0 0 14 1 0 492
1 1 1 0 0 2 0 0 14 2 0 464
1 1 1 0 1 2 0 0 11 5 0 628
12345
12345
1 1 1 0 0 2 0 0 13 1 0 464
12345
1 1 1 0 1 2 0 0 11 5 0 628
12345
12345
12345
12345
12345
12345
12345
12345
12345
12345
12345
12345
12345
12345
12345
12345
1 1 1 0 1 2 0 0 14 2 0 628
12345
12345
12345
12345
12345
12345
12345
12345
12345
12345
12345
12345
12345
12345
12345
12345
12345
12345
12345
12345
12345
12345
12345
12345
12345
12345
12345
1 1 1 0 6 2 0 0 14 2 0 314
12345
12345
12345
12345
12345
12345
12345
12345
12345
12345
12345
1 1 1 1 1 1 11 3 33 4 1 8
1 1 1 0 2 1 14 9 10 4 1 61
1 1 1 0 3 1 14 9 18 4 1 76
1 1 1 0 4 1 15 10 26 4 0 59
1 1 1 2 5 1 15 10 28 2 0 129
1 1 1 2 5 1 12 5 28 2 1 142
12345
12345
12345
12345
12345
12345
1 1 1 0 0 2 0 0 17 1 0 342
1 1 1 0 0 2 0 0 16 2 0 374
1 1 1 0 0 2 0 0 15 3 0 417
1 1 1 0 0 2 0 0 16 6 0 436
1 1 1 0 6 2 0 0 14 1 0 323
12345
12345
12345
12345
12345
12345
12345
12345
12345
12345
12345
12345
12345
12345
1 1 1 0 3 1 15 10 61 2 0 37
12345
1 1 1 2 1 1 15 10 27 1 0 61
1 1 1 0 2 1 15 10 66 2 0 121
1 1 1 0 4 1 15 10 67 2 0 38
12345
12345
12345
12345
12345
12345
12345
12345
12345
12345
12345
12345
12345
12345
12345
12345
12345
12345
12345
12345
12345
12345
12345
12345
1 1 1 0 2 2 0 0 13 3 0 728
12345
12345
12345
12345
12345
12345
12345
12345
12345
12345
12345
12345
12345
12345
12345
12345
12345
12345
1 1 1 0 4 1 13 7 5 4 1 156
1 1 1 0 5 1 14 9 111 4 1 116
12345
12345
12345
12345
12345
12345
1 1 1 0 0 2 0 0 11 5 0 356
1 1 1 0 6 2 0 0 14 1 0 271
1 1 1 0 6 2 0 0 10 3 0 302
12345
12345
12345
12345
12345
12345
12345
12345
12345
12345
12345
12345
12345
12345
12345
1 1 1 2 1 1 12 5 46 1 1 53
12345
12345
12345
12345
12345
12345
1 1 1 0 4 2 0 0 13 1 0 1021
12345
12345
12345
12345
12345
12345
12345
12345
12345
12345
12345
12345
12345
12345
12345
1 1 1 0 5 1 15 10 77 4 0 35
1 1 1 0 5 1 15 10 74 6 0 130
1 1 1 0 5 1 15 10 87 8 0 135
12345
12345
12345
12345
12345
12345
12345
12345
12345
12345
12345
12345
12345
12345
12345
12345
12345
12345
12345
12345
12345
1 1 1 2 1 1 14 9 18 5 1 28
1 1 1 0 2 1 14 9 2 8 1 50
1 1 1 0 3 1 15 10 8 8 0 96
1 1 1 0 4 1 15 10 16 8 0 85
12345
12345
12345
12345
12345
12345
1 1 1 0 4 2 0 0 13 1 0 963
1 1 1 0 4 2 0 0 14 2 0 970
1 1 1 0 4 2 0 0 13 3 0 991
1 1 1 0 4 2 0 0 13 5 0 1007
12345
12345
12345
12345
12345
12345
12345
12345
12345
12345
12345
12345
12345
12345
12345
1 1 1 1 1 1 14 8 23 1 0 9
1 1 1 0 5 1 15 10 65 4 0 147
1 1 1 0 5 1 15 10 77 8 0 15
12345
12345
12345
12345
12345
12345
12345
12345
12345
12345
12345
12345
12345
12345
12345
12345
12345
12345
12345
12345
12345
12345
12345
12345
12345
12345
12345
1 1 1 0 2 2 0 0 13 3 0 677
12345
12345
12345
12345
12345
12345
12345
12345
12345
12345
12345
12345
12345
12345
12345
1 1 1 1 1 1 14 9 11 2 1 158
1 1 1 0 2 1 14 9 21 2 1 21
1 1 1 0 3 1 14 9 18 2 1 120
1 1 1 0 4 1 14 9 16 2 1 105
12345
12345
12345
12345
12345
12345
12345
12345
12345
12345
12345
12345
12345
12345
12345
12345
12345
12345
12345
12345
12345
12345
12345
12345
1 1 1 0 0 2 0 0 13 3 0 353
12345
12345
12345
12345
12345
12345
12345
12345
12345
12345
12345
12345
12345
12345
12345
12345
12345
12345
12345
12345
12345
12345
12345
12345
1 1 1 0 5 2 0 0 21 4 0 1216
12345
12345
12345
12345
12345
12345
12345
12345
12345
12345
12345
12345
12345
12345
12345
12345
12345
12345
12345
12345
12345
12345
12345
12345
12345
1 1 1 0 5 2 0 0 17 2 0 1228
12345
12345
12345
12345
12345
12345
12345
12345
12345
12345
12345
12345
12345
12345
1 1 1 0 3 2 0 0 11 5 0 817
12345
12345
12345
12345
12345
12345
12345
12345
12345
12345
12345
12345
12345
12345
12345
12345
12345
12345
1 1 1 1 1 1 13 6 7 2 0 147
12345
12345
12345
12345
12345
12345
12345
12345
12345
12345
12345
12345
12345
12345
12345
12345
12345
12345
12345
12345
12345
1 1 1 2 1 1 15 10 21 3 0 101
1 1 1 0 2 1 14 9 59 3 1 140
12345
12345
12345
12345
12345
12345
12345
12345
12345
12345
12345
12345
12345
12345
12345
12345
12345
12345
12345
12345
12345
1 1 1 1 1 1 14 8 37 3 0 64
1 1 1 0 2 1 15 10 88 2 0 29
1 1 1 0 3 1 14 9 84 2 1 120
12345
12345
12345
12345
12345
12345
1 1 1 0 2 2 0 0 9 5 0 745
12345
12345
12345
12345
12345
12345
12345
12345
12345
12345
12345
12345
12345
12345
12345
12345
12345
12345
12345
12345
12345
12345
12345
12345
1 1 1 0 0 2 0 0 18 4 0 393
12345
12345
12345
12345
12345
12345
12345
12345
12345
12345
12345
12345
1 1 1 2 5 1 12 5 17 3 1 121
12345
12345
12345
12345
12345
12345
12345
12345
12345
12345
12345
12345
12345
12345
12345
12345
12345
12345
12345
12345
12345
1 1 1 2 1 1 14 9 39 1 1 59
1 1 1 2 1 1 14 9 36 1 1 59
1 1 1 2 1 1 14 9 5 4 1 94
1 1 1 0 2 1 14 9 1 7 1 111
1 1 1 0 4 1 15 10 27 7 0 31
12345
12345
12345
12345
12345
12345
1 1 1 0 3 2 0 0 14 1 0 869
1 1 1 0 3 2 0 0 14 2 0 886
1 1 1 0 3 2 0 0 16 6 0 904
12345
12345
12345
12345
12345
12345
12345
12345
12345
12345
12345
12345
12345
12345
12345
1 1 1 2 1 1 14 9 8 2 1 193
1 1 1 0 2 1 14 9 8 3 1 93
1 1 1 0 3 1 14 9 5 3 1 49
12345
12345
12345
12345
12345
12345
12345
12345
12345
12345
12345
12345
12345
12345
12345
12345
12345
12345
12345
12345
12345
12345
12345
12345
12345
1 1 1 0 3 2 0 0 17 2 0 878
12345
12345
12345
12345
12345
12345
12345
12345
12345
12345
12345
12345
12345
12345
12345
12345
12345
12345
12345
12345
12345
12345
12345
12345
12345
12345
12345
1 1 1 0 5 2 0 0 23 4 0 1188
12345
12345
12345
12345
12345
12345
12345
12345
12345
12345
12345
1 1 1 1 1 1 15 10 39 3 0 26
1 1 1 0 2 1 15 10 81 2 0 33
1 1 1 0 3 1 15 10 75 2 0 120
1 1 1 0 4 1 15 10 84 2 0 115
12345
12345
12345
12345
12345
12345
12345
12345
12345
12345
12345
12345
12345
12345
12345
12345
12345
12345
12345
12345
12345
12345
12345
12345
12345
12345
12345
1 1 1 0 6 2 0 0 11 5 0 194
12345
12345
12345
12345
12345
12345
12345
12345
12345
12345
12345
12345
12345
12345
1 1 1 0 2 1 14 9 6 6 1 70
12345
1 1 1 1 1 1 12 5 26 6 1 27
1 1 1 0 4 1 15 10 20 6 0 56
12345
12345
12345
12345
12345
12345
1 1 1 0 2 2 0 0 13 1 0 656
1 1 1 0 2 2 0 0 14 2 0 682
1 1 1 0 2 2 0 0 13 5 0 740
12345
12345
12345
12345
12345
12345
12345
12345
12345
12345
12345
12345
12345
12345
12345
1 1 1 2 1 1 15 10 12 1 0 116
1 1 1 0 3 1 14 8 43 2 0 20
1 1 1 0 4 1 14 8 47 2 0 21
12345
12345
12345
12345
12345
1 1 1 0 5 2 0 0 23 4 0 1082
12345
12345
12345
12345
12345
12345
12345
12345
12345
12345
12345
12345
12345
12345
12345
1 1 1 0 4 1 14 8 57 8 0 16
12345
1 1 1 2 1 1 15 10 54 6 0 45
1 1 1 0 2 1 15 10 29 9 0 23
1 1 1 0 3 1 15 10 44 8 0 2
1 1 1 0 3 1 14 8 47 9 0 156
12345
12345
12345
12345
12345
12345
1 1 1 0 5 2 0 0 21 1 0 1117
1 1 1 0 5 2 0 0 19 2 0 1108
1 1 1 0 4 2 0 0 20 4 0 1071
1 1 1 0 4 2 0 0 21 6 0 1064
12345
12345
12345
12345
12345
12345
12345
12345
12345
12345
12345
12345
12345
12345
12345
12345
12345
12345
12345
12345
12345
12345
12345
12345
1 1 1 0 2 2 0 0 21 6 0 663
12345
12345
12345
12345
12345
12345
12345
12345
12345
12345
12345
12345
12345
12345
12345
12345
12345
12345
12345
12345
12345
1 1 1 0 5 2 0 0 14 1 0 1223
12345
12345
12345
12345
12345
12345
12345
12345
12345
12345
12345
12345
1 1 1 1 1 1 11 3 10 1 1 181
12345
12345
12345
12345
12345
12345
12345
12345
12345
12345
12345
12345
12345
12345
12345
12345
12345
12345
12345
12345
12345
1 1 1 1 1 1 14 8 0 8 0 30
1 1 1 0 2 1 11 2 44 4 0 132
12345
12345
12345
12345
12345
12345
12345
12345
12345
1 1 1 0 1 2 0 0 18 4 0 567
12345
12345
12345
12345
12345
12345
12345
12345
12345
12345
12345
12345
1 1 1 2 5 1 11 2 5 2 0 114
1 1 1 0 5 1 14 9 7 7 1 103
12345
12345
12345
12345
12345
12345
1 1 1 0 6 2 0 0 14 2 0 241
1 1 1 0 6 2 0 0 13 3 0 229
1 1 1 0 6 2 0 0 13 5 0 236
12345
12345
12345
12345
12345
12345
12345
12345
12345
12345
12345
12345
12345
12345
12345
1 1 1 2 1 1 13 6 0 2 0 200
1 1 1 0 2 1 14 8 4 2 0 144
1 1 1 0 3 1 15 10 3 2 0 30
1 1 1 0 4 1 15 10 2 2 0 43
12345
12345
12345
12345
12345
12345
12345
12345
12345
12345
12345
12345
12345
12345
12345
12345
12345
12345
12345
12345
12345
1 1 1 0 3 1 14 8 51 3 0 20
1 1 1 0 4 1 14 8 52 3 0 37
12345
12345
12345
12345
12345
12345
12345
12345
12345
12345
12345
12345
12345
12345
12345
12345
12345
12345
12345
12345
12345
12345
12345
12345
12345
12345
1 1 1 0 5 2 0 0 9 5 0 1218
12345
12345
12345
1 1 1 0 2 2 0 0 9 5 0 703
12345
12345
12345
12345
12345
12345
12345
12345
12345
12345
12345
12345
12345
12345
12345
12345
12345
12345
12345
1 1 1 0 0 2 0 0 20 1 0 374
1 1 1 0 0 2 0 0 16 2 0 349
12345
12345
12345
12345
12345
12345
12345
12345
12345
12345
12345
12345
12345
12345
12345
1 1 1 2 1 1 14 9 44 3 1 17
1 1 1 0 3 1 14 8 2 9 0 132
1 1 1 0 4 1 15 10 9 9 0 135
12345
12345
12345
12345
12345
12345
1 1 1 0 5 2 0 0 14 1 0 1099
12345
12345
12345
12345
12345
12345
12345
12345
12345
12345
12345
12345
12345
12345
12345
12345
12345
12345
12345
12345
12345
12345
12345
12345
12345
1 1 1 0 0 2 0 0 13 1 0 468
12345
12345
12345
12345
12345
12345
12345
12345
12345
12345
12345
12345
12345
12345
12345
12345
1 1 1 0 3 2 0 0 14 2 0 839
12345
12345
12345
12345
1 1 1 0 3 2 0 0 14 2 0 782
12345
12345
12345
12345
12345
12345
12345
12345
12345
12345
12345
1 1 1 1 1 1 15 10 30 1 0 104
12345
1 1 1 0 2 1 14 8 77 1 0 50
1 1 1 0 3 1 14 8 81 1 0 140
1 1 1 0 5 1 14 8 90 8 0 8
12345
12345
12345
12345
12345
12345
1 1 1 0 6 2 0 0 9 5 0 295
12345
12345
12345
12345
12345
12345
12345
12345
12345
12345
12345
12345
12345
12345
12345
12345
12345
12345
12345
12345
12345
1 1 1 0 5 2 0 0 11 5 0 1117
12345
12345
12345
12345
12345
12345
12345
12345
12345
12345
12345
12345
12345
12345
12345
12345
12345
12345
12345
12345
12345
12345
12345
12345
1 1 1 0 2 2 0 0 20 4 0 714
12345
12345
12345
12345
12345
12345
12345
12345
12345
12345
12345
12345
1 1 1 1 1 1 14 8 23 2 0 14
1 1 1 0 2 1 14 8 45 1 0 71
1 1 1 0 3 1 15 10 43 1 0 99
1 1 1 0 4 1 15 10 41 1 0 107
12345
12345
12345
12345
12345
12345
12345
12345
12345
12345
12345
12345
12345
12345
12345
12345
12345
12345
12345
12345
12345
1 1 1 2 1 1 15 10 38 4 0 120
1 1 1 0 2 1 14 9 17 7 1 134
1 1 1 0 3 1 14 9 29 8 1 154
1 1 1 0 4 1 15 10 39 8 0 136
12345
12345
12345
12345
12345
12345
1 1 1 0 3 2 0 0 18 1 0 895
1 1 1 0 4 2 0 0 18 4 0 939
1 1 1 0 4 2 0 0 18 6 0 958
12345
12345
12345
12345
12345
12345
12345
12345
12345
12345
12345
12345
12345
12345
12345
12345
12345
12345
12345
12345
12345
12345
12345
12345
1 1 1 0 4 2 0 0 20 4 0 1066
12345
12345
12345
12345
12345
12345
12345
12345
12345
12345
12345
12345
12345
12345
12345
12345
12345
12345
12345
12345
12345
1 1 1 0 6 2 0 0 21 1 0 307
12345
12345
12345
12345
12345
12345
12345
12345
12345
12345
12345
12345
1 1 1 2 1 1 12 4 32 6 0 101
1 1 1 0 2 1 13 6 11 9 0 50
1 1 1 0 3 1 15 10 24 9 0 134
1 1 1 0 4 1 14 8 32 9 0 144
12345
12345
12345
12345
12345
12345
1 1 1 0 5 2 0 0 18 1 0 1169
1 1 1 0 5 2 0 0 15 3 0 1099
1 1 1 0 5 2 0 0 16 6 0 1089
12345
12345
12345
12345
12345
12345
12345
12345
12345
12345
12345
12345
12345
12345
12345
1 1 1 2 1 1 15 10 26 3 0 93
1 1 1 0 2 1 14 9 69 3 1 137
1 1 1 0 3 1 14 9 72 3 1 20
1 1 1 0 4 1 15 10 84 3 0 20
12345
12345
12345
12345
12345
12345
12345
12345
12345
12345
12345
12345
12345
12345
12345
12345
12345
12345
12345
12345
12345
1 1 1 2 1 1 12 4 46 5 0 83
1 1 1 0 2 1 14 8 18 8 0 45
1 1 1 0 3 1 14 8 26 8 0 118
1 1 1 0 4 1 15 10 34 8 0 113
12345
12345
12345
12345
12345
12345
1 1 1 0 4 2 0 0 17 1 0 998
1 1 1 0 4 2 0 0 19 2 0 977
1 1 1 0 4 2 0 0 18 4 0 970
1 1 1 0 4 2 0 0 16 6 0 970
12345
12345
12345
12345
12345
12345
12345
12345
12345
12345
12345
12345
12345
12345
12345
1 1 1 1 1 1 15 10 18 2 0 57
1 1 1 0 2 1 14 9 30 1 1 98
1 1 1 0 3 1 15 10 29 1 0 62
12345
1 1 1 0 4 1 14 8 24 1 0 61
12345
12345
12345
12345
12345
12345
12345
12345
12345
12345
12345
12345
12345
12345
12345
12345
12345
12345
12345
12345
1 1 1 2 5 1 13 6 7 1 0 186
1 1 1 0 5 1 14 8 14 4 0 49
1 1 1 0 5 1 14 8 6 6 0 127
12345
12345
12345
12345
12345
12345
12345
12345
12345
12345
12345
12345
12345
12345
12345
12345
12345
12345
12345
12345
12345
1 1 1 2 1 1 12 4 20 4 0 153
1 1 1 0 3 1 15 10 12 7 0 73
1 1 1 0 4 1 14 8 19 7 0 81
12345
12345
12345
12345
12345
12345
1 1 1 0 3 2 0 0 14 1 0 925
1 1 1 0 3 2 0 0 14 2 0 886
1 1 1 0 3 2 0 0 15 3 0 860
1 1 1 0 3 2 0 0 13 5 0 853
12345
12345
12345
12345
12345
12345
12345
12345
12345
12345
12345
12345
12345
12345
12345
1 1 1 1 1 1 14 8 19 3 0 113
1 1 1 0 2 1 15 10 52 2 0 50
1 1 1 0 3 1 14 8 48 2 0 114
12345
1 1 1 0 4 1 15 10 52 2 0 122
12345
12345
12345
12345
12345
12345
12345
12345
12345
12345
12345
12345
12345
12345
12345
12345
12345
12345
12345
12345
1 1 1 1 1 1 15 10 20 1 0 74
1 1 1 0 2 1 15 10 35 1 0 45
1 1 1 0 3 1 14 8 34 1 0 117
1 1 1 0 4 1 15 10 30 1 0 119
12345
12345
12345
1 1 1 0 2 2 0 0 16 2 0 719
12345
12345
12345
12345
12345
12345
12345
12345
12345
12345
12345
12345
12345
12345
12345
12345
12345
12345
12345
12345
12345
12345
12345
12345
12345
1 1 1 0 5 2 0 0 10 3 0 1195
12345
1 1 1 0 4 2 0 0 23 4 0 949
12345
12345
12345
12345
12345
12345
12345
12345
12345
12345
12345
12345
12345
1 1 1 2 5 1 15 10 23 2 0 146
1 1 1 0 5 1 15 10 8 5 0 139
1 1 1 0 5 1 15 10 22 7 0 18
1 1 1 0 5 1 15 10 32 9 0 16
12345
12345
12345
12345
12345
12345
1 1 1 0 6 2 0 0 14 1 0 323
1 1 1 0 6 2 0 0 17 2 0 316
1 1 1 0 6 2 0 0 15 3 0 314
1 1 1 0 6 2 0 0 16 6 0 318
12345
12345
12345
12345
12345
12345
12345
12345
12345
12345
12345
12345
12345
12345
12345
1 1 1 2 1 1 15 10 29 2 0 5
1 1 1 0 2 1 15 10 61 2 0 148
1 1 1 0 3 1 14 9 54 2 1 1
1 1 1 0 3 1 14 9 58 3 1 148
12345
12345
12345
12345
12345
12345
12345
12345
12345
12345
12345
12345
12345
12345
12345
12345
12345
12345
12345
12345
12345
1 1 1 2 1 1 14 9 0 3 1 191
12345
12345
12345
12345
12345
12345
12345
12345
12345
12345
12345
12345
12345
12345
12345
12345
12345
12345
12345
12345
12345
1 1 1 0 5 1 14 8 31 5 0 130
1 1 1 0 5 1 14 8 45 7 0 68
1 1 1 0 5 1 14 8 53 9 0 88
12345
12345
12345
12345
12345
12345
1 1 1 0 6 2 0 0 21 4 0 260
1 1 1 0 6 2 0 0 21 6 0 246
12345
12345
12345
12345
12345
12345
12345
12345
12345
12345
12345
12345
12345
12345
12345
1 1 1 2 1 1 13 7 2 2 1 177
12345
12345
12345
12345
12345
12345
12345
12345
12345
12345
12345
12345
12345
12345
12345
12345
12345
12345
12345
12345
12345
12345
12345
12345
1 1 1 0 3 2 0 0 11 5 0 897
12345
12345
12345
12345
12345
12345
12345
12345
12345
12345
12345
12345
12345
12345
12345
12345
12345
12345
1 1 1 2 1 1 14 8 26 2 0 44
1 1 1 0 2 1 15 10 67 2 0 153
1 1 1 0 2 1 15 10 70 2 0 153
1 1 1 0 2 1 15 10 68 3 0 5
1 1 1 0 2 1 15 10 63 3 0 5
1 1 1 0 4 1 15 10 75 2 0 22
12345
12345
12345
12345
12345
12345
12345
12345
12345
12345
12345
12345
12345
12345
12345
12345
12345
12345
12345
12345
12345
12345
12345
12345
12345
12345
12345
12345
1 1 1 0 4 2 0 0 16 6 0 970
12345
12345
12345
12345
12345
12345
12345
12345
12345
12345
12345
12345
12345
12345
1 1 1 0 2 1 13 7 101 3 1 75
1 1 1 0 3 1 12 5 2 9 1 90
1 1 1 0 4 1 14 9 10 9 1 58
12345
12345
12345
12345
12345
12345
1 1 1 0 4 2 0 0 13 1 0 1003
1 1 1 0 5 2 0 0 13 3 0 1150
1 1 1 0 5 2 0 0 11 5 0 1188
12345
12345
12345
12345
12345
12345
12345
12345
12345
12345
12345
12345
12345
12345
12345
1 1 1 2 5 1 15 10 33 1 0 71
1 1 1 0 5 1 14 8 64 4 0 127
1 1 1 0 5 1 14 8 54 6 0 38
1 1 1 0 5 1 15 10 53 8 0 49
12345
12345
12345
12345
12345
12345
12345
12345
12345
12345
12345
12345
12345
12345
12345
12345
12345
12345
12345
12345
12345
1 1 1 1 1 1 14 9 8 1 1 168
1 1 1 0 2 1 15 10 15 1 0 54
1 1 1 0 3 1 14 9 19 1 1 90
1 1 1 0 4 1 15 10 17 1 0 79
12345
12345
12345
12345
12345
12345
12345
12345
12345
12345
12345
12345
12345
12345
12345
12345
12345
12345
12345
12345
12345
1 1 1 2 1 1 14 8 26 3 0 69
1 1 1 2 1 1 14 8 24 3 0 69
1 1 1 0 2 1 15 10 66 3 0 99
1 1 1 0 3 1 15 10 69 3 0 69
1 1 1 0 4 1 14 8 78 3 0 75
1 1 1 0 4 1 14 8 74 3 0 75
12345
12345
12345
12345
12345
12345
12345
12345
12345
12345
12345
12345
12345
12345
12345
12345
12345
12345
12345
12345
12345
1 1 1 0 5 1 14 9 38 4 1 11
1 1 1 0 5 1 15 10 28 6 0 146
12345
12345
12345
12345
12345
12345
12345
12345
12345
12345
12345
12345
12345
12345
12345
12345
12345
12345
12345
12345
12345
12345
12345
12345
12345
12345
1 1 1 0 2 2 0 0 19 2 0 705
12345
12345
12345
12345
12345
12345
12345
12345
12345
12345
12345
12345
12345
12345
12345
12345
12345
12345
12345
12345
12345
12345
1 1 1 0 1 2 0 0 16 6 0 590
12345
12345
12345
12345
12345
12345
12345
12345
12345
12345
12345
12345
12345
12345
12345
1 1 1 0 5 1 14 9 69 4 1 77
1 1 1 0 5 1 15 10 61 6 0 75
12345
12345
12345
12345
12345
12345
12345
12345
12345
12345
12345
12345
12345
12345
12345
12345
12345
12345
12345
12345
12345
12345
12345
12345
12345
12345
12345
1 1 1 0 1 2 0 0 17 2 0 541
12345
12345
12345
12345
12345
12345
12345
12345
12345
12345
12345
12345
12345
12345
12345
12345
12345
12345
12345
1 1 1 0 6 2 0 0 13 5 0 250
12345
12345
12345
12345
12345
12345
12345
12345
12345
12345
12345
12345
12345
12345
12345
12345
12345
1 1 1 1 1 1 15 10 13 5 0 116
1 1 1 0 3 1 15 10 10 5 0 59
1 1 1 0 4 1 14 8 18 5 0 65
12345
12345
12345
12345
12345
12345
1 1 1 0 1 2 0 0 14 1 0 588
1 1 1 0 1 2 0 0 14 2 0 588
1 1 1 0 1 2 0 0 13 5 0 571
12345
12345
12345
12345
12345
12345
12345
12345
12345
12345
12345
12345
12345
12345
12345
1 1 1 2 1 1 13 7 5 5 1 120
1 1 1 0 2 1 14 9 98 3 1 77
1 1 1 0 3 1 14 9 94 3 1 73
12345
12345
12345
12345
12345
12345
1 1 1 0 4 2 0 0 13 1 0 1047
1 1 1 0 5 2 0 0 10 3 0 1092
1 1 1 0 5 2 0 0 9 5 0 1099
12345
12345
12345
12345
12345
12345
12345
12345
12345
12345
12345
12345
12345
12345
12345
1 1 1 0 2 1 14 8 73 2 0 115
12345
12345
12345
12345
12345
12345
1 1 1 0 3 2 0 0 14 1 0 836
12345
12345
12345
12345
12345
12345
12345
12345
12345
12345
12345
12345
12345
12345
12345
12345
12345
12345
1 1 1 0 3 2 0 0 19 6 0 907
12345
12345
12345
12345
12345
12345
12345
12345
12345
12345
12345
12345
12345
12345
12345
12345
12345
12345
12345
12345
12345
12345
12345
12345
12345
12345
12345
1 1 1 0 6 2 0 0 21 6 0 260
12345
12345
12345
12345
12345
12345
12345
12345
12345
12345
12345
1 1 1 0 4 1 15 10 18 5 0 121
12345
1 1 1 1 1 1 15 10 47 2 0 22
1 1 1 1 1 1 14 8 6 5 0 15
1 1 1 0 3 1 14 9 10 5 1 132
12345
12345
12345
12345
12345
12345
1 1 1 0 1 2 0 0 14 1 0 489
1 1 1 0 1 2 0 0 14 2 0 487
1 1 1 0 1 2 0 0 13 3 0 503
1 1 1 0 1 2 0 0 13 5 0 517
12345
12345
12345
12345
12345
12345
12345
12345
12345
12345
12345
12345
12345
12345
12345
1 1 1 0 2 1 13 6 76 1 0 53
1 1 1 0 3 1 14 8 91 1 0 137
12345
12345
12345
12345
12345
12345
1 1 1 0 0 2 0 0 10 3 0 353
1 1 1 0 6 2 0 0 11 5 0 325
12345
12345
12345
12345
12345
12345
12345
12345
12345
12345
12345
12345
12345
12345
12345
1 1 1 0 5 1 15 10 53 4 0 56
1 1 1 0 5 1 15 10 52 6 0 99
1 1 1 0 5 1 15 10 61 8 0 99
12345
12345
12345
12345
12345
12345
12345
12345
12345
12345
12345
12345
12345
12345
12345
12345
12345
12345
12345
12345
12345
12345
12345
12345
12345
12345
12345
1 1 1 0 3 2 0 0 15 3 0 789
12345
12345
12345
12345
12345
12345
12345
12345
12345
12345
12345
12345
12345
12345
12345
1 1 1 1 1 1 13 7 61 5 1 79
1 1 1 0 2 1 15 10 30 5 0 103
1 1 1 0 3 1 12 4 42 5 0 86
1 1 1 0 4 1 15 10 50 5 0 113
12345
12345
12345
12345
12345
12345
1 1 1 0 1 2 0 0 21 1 0 560
1 1 1 0 1 2 0 0 19 6 0 517
12345
12345
12345
12345
12345
12345
12345
12345
12345
12345
12345
12345
12345
12345
12345
1 1 1 2 1 1 12 4 0 3 0 210
12345
12345
12345
12345
1 1 1 0 6 2 0 0 18 4 0 290
12345
12345
12345
12345
12345
12345
12345
12345
12345
12345
12345
12345
12345
12345
12345
12345
12345
12345
12345
12345
12345
12345
12345
12345
12345
12345
12345
1 1 1 0 0 2 0 0 16 2 0 414
12345
12345
12345
12345
12345
12345
12345
12345
12345
12345
1 1 1 0 3 1 15 10 36 6 0 135
12345
1 1 1 1 1 1 15 10 58 6 0 36
1 1 1 0 2 1 15 10 27 6 0 28
1 1 1 0 4 1 15 10 46 6 0 140
12345
12345
12345
12345
12345
12345
1 1 1 0 2 2 0 0 20 1 0 660
1 1 1 0 2 2 0 0 19 2 0 658
1 1 1 0 2 2 0 0 20 4 0 644
1 1 1 0 2 2 0 0 18 6 0 644
12345
12345
12345
12345
12345
12345
12345
12345
12345
12345
12345
12345
12345
12345
12345
1 1 1 1 1 1 12 5 38 1 1 42
1 1 1 0 2 1 14 8 97 1 0 63
1 1 1 0 3 1 14 9 0 5 1 135
1 1 1 0 4 1 14 9 8 5 1 117
12345
12345
12345
12345
12345
1 1 1 0 4 2 0 0 13 5 0 1019
12345
1 1 1 0 1 2 0 0 10 3 0 501
1 1 1 0 1 2 0 0 11 5 0 524
12345
12345
12345
12345
12345
12345
12345
12345
12345
12345
12345
12345
12345
12345
12345
1 1 1 2 5 1 14 8 16 1 0 19
1 1 1 0 5 1 14 8 19 4 0 46
1 1 1 0 5 1 14 8 11 6 0 122
1 1 1 0 5 1 15 10 2 8 0 132
12345
12345
12345
12345
12345
12345
12345
12345
12345
12345
12345
12345
12345
12345
12345
12345
12345
12345
12345
12345
12345
12345
12345
12345
12345
12345
12345
1 1 1 0 2 2 0 0 18 4 0 679
12345
12345
12345
12345
12345
12345
12345
12345
12345
12345
12345
12345
12345
12345
1 1 1 0 4 1 15 10 5 6 0 28
12345
1 1 1 1 1 1 12 4 0 6 0 145
1 1 1 2 1 1 14 8 43 1 0 24
1 1 1 0 2 1 15 10 107 2 0 67
12345
12345
12345
12345
12345
12345
1 1 1 0 2 2 0 0 13 1 0 768
1 1 1 0 2 2 0 0 10 3 0 754
1 1 1 0 2 2 0 0 11 5 0 759
12345
12345
12345
12345
12345
12345
12345
12345
12345
12345
12345
12345
12345
12345
12345
1 1 1 0 2 1 14 9 2 8 1 93
12345
12345
12345
12345
12345
12345
1 1 1 0 4 2 0 0 13 1 0 991
1 1 1 0 4 2 0 0 14 2 0 1000
1 1 1 0 5 2 0 0 13 5 0 1200
12345
12345
12345
12345
12345
12345
12345
12345
12345
12345
12345
12345
12345
12345
12345
12345
12345
12345
12345
12345
12345
12345
12345
12345
1 1 1 0 1 2 0 0 21 6 0 564
12345
12345
12345
12345
12345
12345
12345
12345
12345
12345
12345
1 1 1 0 4 1 15 10 7 7 0 2
12345
1 1 1 2 1 1 14 8 4 5 0 46
1 1 1 0 2 1 15 10 104 3 0 18
1 1 1 0 4 1 15 10 5 8 0 149
12345
12345
12345
12345
12345
12345
1 1 1 0 4 2 0 0 13 1 0 970
1 1 1 0 3 2 0 0 11 5 0 928
12345
12345
12345
12345
12345
12345
12345
12345
12345
12345
12345
12345
12345
12345
12345
12345
12345
12345
12345
12345
12345
12345
12345
1 1 1 0 4 2 0 0 11 5 0 963
12345
12345
12345
12345
12345
12345
12345
12345
12345
12345
12345
12345
12345
12345
12345
12345
12345
12345
1 1 1 0 0 2 0 0 17 1 0 342
12345
12345
12345
12345
12345
12345
12345
12345
12345
12345
12345
12345
12345
12345
12345
12345
1 1 1 1 1 1 14 9 11 2 1 148
1 1 1 0 2 1 14 9 24 1 1 150
1 1 1 0 2 1 14 9 27 2 1 5
1 1 1 0 3 1 14 9 27 2 1 139
1 1 1 0 4 1 15 10 27 2 0 124
12345
12345
12345
12345
12345
12345
12345
12345
12345
12345
12345
12345
12345
12345
12345
12345
12345
12345
12345
12345
12345
1 1 1 1 1 1 14 9 5 3 1 193
12345
12345
12345
12345
12345
12345
12345
12345
12345
12345
12345
12345
12345
12345
12345
12345
12345
12345
12345
12345
12345
12345
12345
12345
12345
12345
12345
1 1 1 0 5 2 0 0 23 4 0 1193
12345
12345
12345
12345
12345
12345
12345
12345
12345
12345
12345
12345
12345
12345
12345
1 1 1 2 5 1 12 4 28 2 0 132
1 1 1 0 5 1 14 8 10 5 0 93
1 1 1 0 5 1 14 8 25 7 0 89
1 1 1 0 5 1 15 10 35 9 0 101
1 1 1 0 5 1 15 10 33 9 0 101
12345
12345
12345
12345
12345
12345
1 1 1 0 6 2 0 0 14 1 0 309
1 1 1 0 6 2 0 0 17 2 0 278
1 1 1 0 6 2 0 0 18 4 0 241
1 1 1 0 6 2 0 0 16 6 0 232
12345
12345
12345
12345
12345
12345
12345
12345
12345
12345
12345
12345
12345
12345
12345
1 1 1 2 1 1 14 9 27 3 1 119
12345
12345
12345
1 1 1 0 5 2 0 0 21 4 0 1183
12345
12345
12345
12345
12345
12345
12345
12345
12345
12345
12345
12345
12345
12345
12345
12345
12345
12345
1 1 1 1 1 1 13 7 59 5 1 38
1 1 1 0 2 1 14 9 29 5 1 80
1 1 1 0 3 1 14 9 44 5 1 47
1 1 1 0 4 1 14 9 54 5 1 31
12345
12345
12345
12345
12345
12345
1 1 1 0 1 2 0 0 21 1 0 522
1 1 1 0 1 2 0 0 21 4 0 588
1 1 1 0 1 2 0 0 21 6 0 609
12345
12345
12345
12345
12345
12345
12345
12345
12345
12345
12345
12345
12345
12345
12345
1 1 1 2 1 1 13 7 5 1 1 215
1 1 1 2 1 1 13 7 13 2 1 137
1 1 1 0 2 1 12 4 35 3 0 59
1 1 1 0 2 1 12 4 32 3 0 59
1 1 1 0 3 1 15 10 45 3 0 76
1 1 1 0 4 1 15 10 51 3 0 66
12345
12345
12345
12345
12345
12345
12345
12345
12345
12345
12345
12345
12345
12345
12345
12345
12345
12345
12345
12345
12345
1 1 1 2 1 1 13 7 8 1 1 201
1 1 1 0 2 1 14 9 15 3 1 56
1 1 1 0 3 1 14 9 14 3 1 73
1 1 1 0 4 1 14 9 9 3 1 56
12345
12345
12345
12345
12345
12345
12345
12345
12345
12345
12345
12345
12345
12345
12345
12345
12345
12345
12345
12345
1 1 1 0 5 1 15 10 24 6 0 147
12345
1 1 1 0 5 1 15 10 30 4 0 8
1 1 1 0 5 1 14 9 19 8 1 142
12345
12345
12345
12345
12345
12345
12345
12345
12345
12345
12345
12345
12345
12345
12345
12345
12345
12345
12345
12345
12345
12345
12345
12345
12345
12345
12345
1 1 1 0 6 2 0 0 21 4 0 278
12345
12345
12345
12345
12345
12345
12345
12345
12345
12345
12345
12345
12345
12345
1 1 1 0 4 1 15 10 7 9 0 63
12345
1 1 1 2 1 1 13 7 21 2 1 116
1 1 1 0 2 1 15 10 85 3 0 122
12345
12345
12345
12345
12345
12345
1 1 1 0 5 2 0 0 11 5 0 1169
12345
12345
12345
12345
12345
12345
12345
12345
12345
12345
12345
12345
12345
12345
12345
12345
12345
12345
12345
12345
1 1 1 0 5 2 0 0 18 4 0 1171
12345
12345
12345
12345
12345
12345
12345
12345
12345
12345
12345
12345
12345
12345
12345
12345
12345
12345
12345
12345
12345
12345
12345
12345
1 1 1 0 6 2 0 0 13 3 0 194
12345
12345
12345
12345
12345
12345
12345
12345
12345
12345
12345
12345
12345
1 1 1 1 1 1 15 10 24 2 0 118
1 1 1 0 2 1 15 10 72 1 0 148
1 1 1 0 3 1 15 10 77 1 0 15
1 1 1 0 4 1 15 10 91 1 0 18
12345
12345
12345
12345
12345
12345
1 1 1 0 1 2 0 0 9 5 0 600
12345
12345
12345
12345
12345
12345
12345
12345
12345
12345
12345
12345
12345
12345
12345
12345
12345
12345
12345
12345
12345
12345
12345
1 1 1 0 3 2 0 0 17 2 0 850
12345
12345
1 1 1 0 6 2 0 0 19 2 0 297
12345
12345
12345
12345
12345
12345
12345
12345
12345
12345
1 1 1 0 4 1 14 9 1 9 1 16
12345
1 1 1 2 1 1 14 9 46 3 1 47
1 1 1 0 2 1 15 10 98 3 0 133
12345
12345
12345
12345
12345
12345
1 1 1 0 5 2 0 0 14 1 0 1160
1 1 1 0 5 2 0 0 10 3 0 1211
1 1 1 0 5 2 0 0 9 5 0 1223
12345
12345
12345
12345
12345
12345
12345
12345
12345
12345
12345
12345
12345
12345
12345
1 1 1 0 2 1 14 9 4 2 1 119
1 1 1 0 3 1 15 10 6 2 0 20
1 1 1 0 4 1 15 10 7 2 0 11
12345
12345
12345
12345
12345
12345
12345
12345
12345
12345
12345
12345
12345
12345
12345
12345
12345
12345
12345
12345
12345
12345
12345
12345
12345
12345
12345
12345
12345
12345
12345
1 1 1 0 0 2 0 0 21 6 0 358
12345
12345
12345
12345
12345
12345
12345
12345
12345
12345
12345
12345
12345
12345
1 1 1 0 5 2 0 0 23 4 0 1155
12345
12345
12345
12345
12345
12345
12345
12345
12345
12345
12345
12345
12345
12345
12345
12345
12345
12345
12345
12345
12345
12345
12345
12345
12345
1 1 1 0 6 2 0 0 9 5 0 262
12345
12345
12345
12345
12345
12345
12345
12345
12345
12345
12345
12345
12345
1 1 1 0 4 1 15 10 4 9 0 92
12345
1 1 1 2 1 1 14 8 1 6 0 61
1 1 1 0 2 1 15 10 103 3 0 107
12345
12345
12345
12345
12345
12345
1 1 1 0 5 2 0 0 14 1 0 1136
1 1 1 0 5 2 0 0 10 3 0 1139
1 1 1 0 5 2 0 0 11 5 0 1146
12345
12345
12345
12345
12345
12345
12345
12345
12345
12345
12345
12345
12345
12345
12345
12345
12345
12345
12345
12345
12345
12345
1 1 1 0 5 2 0 0 17 2 0 1221
12345
12345
12345
12345
12345
12345
12345
12345
12345
12345
12345
12345
12345
1 1 1 1 1 1 12 4 21 6 0 93
12345
1 1 1 0 3 1 14 9 3 6 1 90
12345
12345
12345
12345
12345
12345
1 1 1 0 2 2 0 0 13 1 0 712
1 1 1 0 2 2 0 0 14 2 0 696
1 1 1 0 2 2 0 0 13 3 0 700
1 1 1 0 2 2 0 0 11 5 0 710
12345
12345
12345
12345
12345
12345
12345
12345
12345
12345
12345
12345
12345
12345
12345
1 1 1 2 1 1 14 8 17 9 0 122
12345
12345
12345
12345
12345
12345
12345
12345
12345
12345
12345
12345
12345
12345
12345
12345
12345
12345
12345
12345
12345
12345
12345
12345
12345
12345
12345
12345
12345
12345
12345
1 1 1 0 0 2 0 0 13 5 0 405
12345
12345
12345
12345
12345
12345
12345
12345
12345
12345
12345
1 1 1 2 5 1 14 9 3 3 1 100
1 1 1 0 5 1 14 9 46 5 1 129
1 1 1 0 5 1 14 9 62 7 1 17
12345
12345
12345
12345
12345
12345
12345
12345
12345
12345
12345
12345
12345
12345
12345
12345
12345
12345
12345
12345
12345
1 1 1 2 1 1 15 10 2 1 0 141
1 1 1 0 2 1 15 10 14 2 0 100
1 1 1 0 3 1 15 10 13 2 0 54
1 1 1 0 4 1 15 10 13 2 0 52
12345
12345
12345
12345
12345
12345
12345
12345
12345
12345
12345
12345
12345
12345
12345
12345
12345
12345
12345
12345
12345
12345
12345
12345
12345
12345
12345
1 1 1 0 1 2 0 0 13 5 0 541
12345
12345
12345
12345
12345
12345
12345
12345
12345
12345
12345
12345
12345
12345
12345
1 1 1 1 1 1 13 7 26 3 1 66
1 1 1 0 2 1 14 9 51 2 1 84
1 1 1 0 3 1 15 10 44 2 0 65
1 1 1 0 4 1 14 9 43 2 1 58
12345
12345
12345
12345
12345
12345
12345
12345
12345
12345
12345
12345
12345
12345
12345
12345
12345
12345
12345
12345
12345
12345
12345
12345
12345
12345
12345
12345
1 1 1 0 0 2 0 0 21 6 0 419
12345
12345
12345
12345
12345
12345
12345
12345
12345
12345
12345
12345
12345
12345
12345
12345
12345
1 1 1 0 2 2 0 0 19 2 0 663
12345
12345
12345
12345
12345
12345
12345
12345
12345
12345
12345
12345
12345
12345
12345
12345
12345
12345
12345
12345
12345
12345
12345
12345
1 1 1 0 5 2 0 0 14 1 0 1204
12345
12345
12345
12345
12345
12345
12345
12345
12345
12345
12345
12345
12345
12345
1 1 1 0 5 1 14 8 1 9 0 125
1 1 1 0 5 1 12 5 1 9 1 110
12345
1 1 1 1 1 1 13 6 44 1 0 7
1 1 1 0 5 1 15 10 96 4 0 113
1 1 1 0 5 1 14 8 94 6 0 55
12345
12345
12345
12345
12345
12345
1 1 1 0 1 2 0 0 19 2 0 541
1 1 1 0 6 2 0 0 10 3 0 222
1 1 1 0 6 2 0 0 9 5 0 206
12345
12345
12345
12345
12345
12345
12345
12345
12345
12345
12345
12345
12345
12345
12345
12345
12345
12345
12345
12345
12345
12345
12345
1 1 1 0 3 2 0 0 13 3 0 782
12345
1 1 1 0 5 2 0 0 11 5 0 1216
12345
12345
12345
12345
12345
12345
12345
12345
12345
12345
12345
12345
1 1 1 1 1 1 12 5 2 3 1 131
1 1 1 0 2 1 14 9 35 2 1 85
1 1 1 0 3 1 15 10 42 2 0 60
1 1 1 0 4 1 15 10 54 2 0 52
12345
12345
12345
12345
12345
12345
12345
12345
12345
12345
12345
12345
12345
12345
12345
12345
12345
12345
12345
12345
12345
1 1 1 2 1 1 12 5 16 2 1 26
1 1 1 0 2 1 14 9 37 3 1 84
1 1 1 0 3 1 14 9 45 3 1 39
1 1 1 0 4 1 14 9 50 3 1 18
12345
12345
12345
12345
12345
12345
12345
12345
12345
12345
12345
12345
12345
12345
12345
12345
12345
12345
12345
12345
12345
12345
12345
12345
12345
12345
12345
12345
1 1 1 0 2 2 0 0 11 5 0 778
12345
12345
12345
12345
12345
12345
12345
12345
12345
12345
12345
12345
12345
12345
12345
12345
12345
12345
12345
12345
1 1 1 0 0 2 0 0 23 4 0 419
12345
1 1 1 0 3 2 0 0 10 3 0 834
12345
12345
12345
12345
12345
12345
12345
12345
12345
12345
12345
12345
12345
12345
1 1 1 2 5 1 14 9 49 2 1 57
12345
12345
12345
12345
12345
12345
12345
12345
12345
12345
12345
12345
12345
12345
12345
12345
12345
12345
12345
12345
12345
1 1 1 0 2 1 14 8 22 3 0 93
1 1 1 0 3 1 14 8 22 3 0 86
12345
12345
12345
12345
12345
12345
12345
12345
12345
12345
12345
12345
12345
12345
12345
12345
12345
12345
12345
12345
12345
1 1 1 1 1 1 15 10 39 2 0 41
1 1 1 0 2 1 15 10 77 1 0 107
1 1 1 0 2 1 15 10 77 1 0 75
1 1 1 0 2 1 15 10 81 1 0 107
1 1 1 0 2 1 15 10 81 1 0 75
1 1 1 0 3 1 15 10 73 1 0 39
1 1 1 0 4 1 14 9 79 1 1 30
12345
12345
12345
12345
12345
12345
12345
12345
12345
12345
12345
12345
12345
12345
12345
12345
12345
12345
12345
12345
12345
1 1 1 0 4 1 14 8 75 3 0 30
12345
12345
12345
12345
12345
12345
12345
12345
12345
12345
12345
12345
12345
12345
12345
12345
12345
12345
12345
12345
12345
12345
12345
12345
12345
12345
1 1 1 0 4 2 0 0 11 5 0 1075
12345
12345
12345
12345
12345
12345
12345
12345
12345
12345
12345
12345
12345
12345
12345
12345
1 1 1 2 1 1 15 10 32 2 0 75
1 1 1 0 2 1 14 8 68 3 0 27
1 1 1 0 3 1 15 10 67 3 0 145
1 1 1 0 4 1 14 8 74 3 0 152
12345
12345
12345
12345
12345
12345
12345
12345
12345
12345
12345
12345
12345
12345
12345
12345
12345
12345
12345
12345
12345
1 1 1 1 1 1 15 10 25 3 0 11
1 1 1 0 2 1 15 10 56 2 0 20
1 1 1 0 3 1 14 8 53 2 0 143
1 1 1 0 4 1 14 8 65 1 0 2
1 1 1 0 4 1 14 8 61 2 0 151
12345
12345
12345
12345
12345
12345
12345
12345
12345
12345
12345
12345
12345
12345
12345
12345
12345
12345
12345
12345
12345
1 1 1 2 1 1 12 5 40 2 1 94
12345
12345
12345
12345
12345
12345
12345
12345
12345
12345
12345
12345
12345
12345
12345
12345
12345
12345
12345
12345
12345
12345
12345
12345
12345
1 1 1 0 1 2 0 0 21 4 0 494
12345
12345
12345
12345
12345
12345
12345
12345
12345
12345
12345
12345
12345
12345
12345
12345
12345
1 1 1 1 1 1 14 8 12 3 0 155
1 1 1 0 2 1 14 8 14 1 0 143
1 1 1 0 3 1 14 8 13 1 0 30
1 1 1 0 4 1 15 10 8 1 0 36
12345
12345
12345
12345
12345
12345
12345
12345
12345
12345
12345
12345
12345
12345
12345
12345
12345
12345
12345
12345
12345
1 1 1 1 1 1 14 9 63 5 1 136
12345
12345
12345
12345
12345
12345
1 1 1 0 1 2 0 0 21 1 0 616
12345
12345
12345
12345
12345
12345
12345
12345
12345
12345
12345
12345
12345
12345
12345
12345
12345
12345
12345
1 1 1 0 0 2 0 0 13 3 0 443
12345
12345
12345
12345
12345
12345
12345
12345
12345
12345
12345
12345
12345
12345
12345
12345
1 1 1 1 1 1 11 2 0 2 0 197
12345
12345
12345
12345
12345
12345
12345
12345
12345
12345
12345
12345
12345
12345
12345
12345
12345
12345
12345
12345
12345
12345
1 1 1 0 3 1 14 8 38 3 0 10
1 1 1 0 4 1 15 10 39 3 0 16
12345
12345
12345
12345
12345
12345
12345
1 1 1 0 2 2 0 0 11 5 0 733
12345
12345
12345
12345
12345
12345
12345
12345
12345
12345
12345
12345
12345
12345
1 1 1 0 2 1 14 9 37 1 1 55
1 1 1 0 3 1 15 10 33 1 0 80
1 1 1 0 4 1 15 10 26 1 0 71
1 1 1 2 5 1 12 5 21 1 1 96
12345
12345
12345
12345
12345
12345
12345
12345
12345
12345
12345
12345
12345
12345
12345
12345
12345
12345
12345
12345
12345
1 1 1 2 1 1 15 10 15 3 0 121
12345
12345
12345
12345
12345
1 1 1 0 4 2 0 0 14 2 0 1050
12345
12345
12345
12345
12345
12345
12345
12345
12345
12345
12345
12345
12345
12345
12345
12345
12345
12345
12345
12345
12345
12345
12345
12345
1 1 1 0 0 2 0 0 19 2 0 443
12345
12345
12345
12345
12345
12345
12345
12345
12345
12345
12345
12345
12345
12345
12345
12345
12345
12345
1 1 1 0 4 2 0 0 10 3 0 1068
12345
12345
12345
12345
12345
12345
12345
12345
12345
12345
12345
12345
12345
12345
12345
12345
12345
12345
12345
12345
12345
12345
12345
1 1 1 0 6 2 0 0 14 2 0 253
12345
12345
12345
12345
12345
12345
12345
12345
12345
12345
12345
12345
12345
12345
12345
12345
12345
12345
1 1 1 0 4 2 0 0 16 6 0 1045
12345
12345
12345
12345
12345
12345
12345
12345
12345
12345
12345
12345
12345
12345
12345
12345
12345
1 1 1 0 5 1 15 10 47 4 0 34
1 1 1 0 5 1 14 9 41 6 1 118
1 1 1 0 5 1 15 10 39 8 0 109
12345
12345
12345
12345
12345
12345
12345
12345
12345
12345
12345
12345
12345
12345
12345
12345
12345
12345
12345
12345
12345
1 1 1 2 5 1 14 8 12 3 0 17
12345
12345
12345
12345
12345
12345
12345
12345
12345
12345
12345
12345
12345
12345
12345
12345
12345
12345
12345
12345
12345
12345
12345
12345
1 1 1 0 1 2 0 0 17 2 0 597
12345
12345
12345
12345
12345
12345
12345
12345
12345
12345
12345
12345
12345
12345
12345
12345
12345
12345
1 1 1 1 1 1 15 10 34 5 0 145
1 1 1 0 2 1 15 10 14 5 0 148
1 1 1 0 3 1 15 10 28 5 0 14
1 1 1 0 4 1 15 10 37 5 0 18
12345
12345
12345
12345
12345
12345
1 1 1 0 1 2 0 0 18 1 0 621
1 1 1 0 1 2 0 0 17 2 0 628
1 1 1 0 1 2 0 0 18 4 0 618
1 1 1 0 1 2 0 0 19 6 0 616
12345
12345
12345
12345
12345
12345
12345
12345
12345
12345
12345
12345
12345
12345
12345
1 1 1 1 1 1 15 10 36 2 0 76
1 1 1 0 2 1 15 10 92 1 0 123
1 1 1 0 4 1 14 8 1 5 0 111
12345
12345
12345
12345
12345
12345
1 1 1 0 1 2 0 0 10 3 0 539
1 1 1 0 1 2 0 0 9 5 0 517
12345
12345
12345
1 1 1 0 2 2 0 0 20 4 0 771
12345
12345
12345
12345
12345
12345
12345
12345
12345
12345
12345
12345
12345
12345
12345
12345
12345
12345
12345
12345
12345
12345
1 1 1 0 5 2 0 0 15 3 0 1188
12345
12345
12345
12345
12345
12345
12345
12345
12345
12345
12345
12345
12345
12345
12345
12345
12345
12345
1 1 1 0 6 2 0 0 21 1 0 264
12345
12345
12345
12345
12345
12345
12345
12345
12345
12345
12345
12345
12345
12345
12345
12345
12345
12345
12345
12345
12345
12345
12345
12345
1 1 1 0 6 2 0 0 13 5 0 246
12345
12345
12345
12345
12345
12345
12345
12345
12345
12345
12345
1 1 1 1 1 1 14 9 28 9 1 103
12345
12345
12345
12345
12345
12345
12345
12345
12345
12345
12345
12345
12345
12345
12345
12345
12345
12345
12345
12345
12345
1 1 1 1 1 1 14 9 8 3 1 210
1 1 1 0 2 1 14 9 16 2 1 112
1 1 1 0 4 1 14 9 7 2 1 22
12345
12345
12345
12345
12345
12345
12345
12345
12345
12345
12345
12345
12345
12345
12345
12345
12345
12345
12345
12345
12345
12345
12345
12345
12345
12345
12345
12345
12345
1 1 1 0 4 2 0 0 9 5 0 946
12345
12345
12345
12345
12345
12345
12345
12345
12345
12345
12345
12345
12345
12345
12345
12345
12345
12345
12345
12345
12345
12345
12345
1 1 1 0 3 2 0 0 19 6 0 893
12345
12345
12345
12345
12345
12345
12345
12345
12345
12345
12345
12345
12345
12345
12345
12345
1 1 1 0 2 2 0 0 20 4 0 649
12345
12345
12345
12345
12345
12345
12345
12345
12345
12345
12345
12345
12345
12345
12345
1 1 1 2 1 1 12 4 31 1 0 40
1 1 1 0 2 1 15 10 109 2 0 37
12345
1 1 1 0 3 1 15 10 2 6 0 106
1 1 1 0 4 1 15 10 11 6 0 120
12345
12345
12345
12345
12345
12345
1 1 1 0 2 2 0 0 13 3 0 667
1 1 1 0 2 2 0 0 13 5 0 658
12345
12345
12345
12345
12345
12345
12345
12345
12345
12345
12345
12345
12345
12345
12345
12345
12345
12345
12345
12345
12345
12345
12345
12345
1 1 1 0 1 2 0 0 21 6 0 569
12345
12345
12345
12345
12345
12345
12345
12345
12345
12345
12345
12345
1 1 1 1 1 1 13 7 17 1 1 9
1 1 1 0 2 1 14 9 33 1 1 52
1 1 1 2 5 1 14 9 10 1 1 213
12345
12345
12345
12345
12345
12345
12345
12345
12345
12345
12345
12345
12345
12345
12345
12345
12345
12345
12345
12345
12345
1 1 1 1 1 1 12 5 2 3 1 148
12345
12345
12345
12345
12345
12345
12345
12345
12345
12345
12345
12345
12345
12345
12345
12345
12345
12345
12345
12345
12345
1 1 1 1 1 1 13 7 11 5 1 101
1 1 1 0 2 1 11 2 92 1 0 108
12345
12345
12345
12345
12345
12345
12345
12345
12345
12345
12345
12345
12345
12345
12345
12345
12345
12345
12345
12345
12345
1 1 1 1 1 1 15 10 33 1 0 26
1 1 1 0 2 1 15 10 61 1 0 13
1 1 1 0 3 1 15 10 58 1 0 148
1 1 1 0 4 1 14 8 60 1 0 150
12345
12345
12345
12345
12345
12345
12345
12345
12345
12345
12345
12345
12345
12345
12345
12345
12345
12345
12345
12345
12345
1 1 1 0 5 1 14 9 31 4 1 10
1 1 1 0 5 1 14 9 35 6 1 129
1 1 1 0 5 1 15 10 42 8 0 114
12345
12345
12345
12345
12345
12345
12345
12345
12345
12345
12345
12345
12345
12345
12345
12345
12345
12345
12345
12345
12345
12345
12345
12345
12345
12345
1 1 1 0 4 2 0 0 9 5 0 1050
12345
12345
12345
12345
12345
12345
12345
12345
12345
12345
12345
12345
12345
12345
12345
12345
12345
12345
12345
12345
12345
12345
12345
1 1 1 0 2 2 0 0 16 2 0 738
12345
12345
12345
12345
12345
12345
12345
12345
12345
12345
12345
12345
12345
12345
1 1 1 0 2 1 14 8 31 3 0 87
1 1 1 0 3 1 15 10 34 3 0 96
12345
12345
12345
12345
12345
12345
12345
12345
12345
12345
12345
12345
12345
12345
12345
12345
12345
12345
12345
12345
12345
12345
12345
12345
12345
12345
12345
1 1 1 0 1 2 0 0 18 4 0 600
12345
12345
12345
12345
12345
12345
12345
12345
12345
12345
12345
12345
12345
12345
12345
1 1 1 0 2 1 13 7 9 1 1 30
1 1 1 0 3 1 14 9 9 1 1 87
1 1 1 2 5 1 13 7 9 1 1 145
12345
12345
12345
12345
12345
12345
12345
12345
12345
12345
12345
12345
12345
12345
12345
12345
12345
12345
12345
12345
12345
12345
12345
12345
12345
12345
12345
12345
12345
12345
12345
1 1 1 0 6 2 0 0 14 2 0 257
12345
12345
12345
12345
12345
12345
12345
12345
12345
12345
12345
1 1 1 0 5 1 15 10 60 4 0 42
1 1 1 0 5 1 14 8 47 6 0 121
1 1 1 0 5 1 14 8 41 8 0 137
12345
12345
12345
12345
12345
12345
12345
12345
12345
12345
12345
12345
12345
12345
12345
12345
12345
12345
12345
12345
12345
12345
12345
12345
12345
12345
12345
12345
12345
12345
1 1 1 0 3 2 0 0 18 1 0 867
12345
12345
12345
12345
12345
12345
12345
12345
12345
12345
12345
12345
1 1 1 1 1 1 14 9 28 1 1 28
1 1 1 0 3 1 15 10 93 1 0 132
12345
12345
12345
12345
12345
12345
1 1 1 0 0 2 0 0 10 3 0 374
1 1 1 0 0 2 0 0 10 3 0 384
12345
12345
12345
12345
12345
12345
12345
12345
12345
12345
12345
12345
12345
12345
12345
1 1 1 1 1 1 14 9 13 3 1 114
1 1 1 0 2 1 15 10 24 2 0 105
1 1 1 0 3 1 14 9 17 2 1 44
1 1 1 0 4 1 15 10 11 2 0 38
12345
12345
12345
12345
12345
12345
12345
12345
12345
12345
12345
12345
12345
12345
12345
12345
12345
12345
12345
12345
12345
1 1 1 0 3 1 15 10 54 9 0 94
12345
12345
12345
12345
12345
12345
1 1 1 0 5 2 0 0 23 4 0 1136
12345
12345
12345
12345
12345
12345
12345
12345
12345
12345
12345
12345
12345
12345
12345
1 1 1 0 5 1 14 9 17 4 1 52
1 1 1 0 5 1 14 9 13 4 1 52
1 1 1 0 5 1 15 10 14 6 0 110
12345
12345
12345
12345
12345
12345
12345
1 1 1 0 3 2 0 0 19 2 0 888
12345
12345
12345
12345
12345
12345
12345
12345
12345
12345
12345
12345
12345
1 1 1 0 3 1 15 10 77 1 0 132
1 1 1 0 4 1 15 10 84 1 0 128
12345
1 1 1 1 1 1 15 10 42 1 0 28
12345
12345
12345
12345
12345
12345
12345
12345
12345
12345
12345
12345
12345
12345
12345
12345
12345
12345
12345
12345
12345
1 1 1 2 1 1 15 10 2 1 0 187
1 1 1 0 2 1 15 10 0 2 0 137
12345
12345
12345
12345
12345
12345
12345
1 1 1 0 6 2 0 0 13 3 0 311
12345
12345
12345
12345
12345
12345
12345
12345
12345
12345
12345
12345
12345
12345
12345
12345
12345
1 1 1 0 1 2 0 0 13 3 0 569
12345
12345
12345
12345
12345
12345
12345
12345
12345
12345
12345
12345
12345
12345
12345
12345
12345
12345
12345
12345
12345
12345
12345
12345
1 1 1 0 3 2 0 0 15 3 0 860
12345
12345
12345
12345
12345
12345
12345
12345
12345
12345
12345
12345
12345
12345
12345
12345
12345
12345
12345
12345
12345
12345
12345
1 1 1 0 4 2 0 0 10 3 0 946
12345
12345
12345
12345
12345
12345
12345
12345
12345
12345
12345
12345
12345
12345
12345
12345
12345
1 1 1 0 5 2 0 0 9 5 0 1167
12345
12345
12345
12345
12345
12345
12345
12345
12345
12345
12345
12345
12345
12345
12345
12345
12345
12345
12345
12345
12345
12345
12345
12345
12345
1 1 1 0 0 2 0 0 16 2 0 396
12345
12345
12345
12345
12345
12345
12345
12345
12345
12345
12345
12345
12345
1 1 1 2 5 1 15 10 7 1 0 197
1 1 1 0 5 1 15 10 15 4 0 123
1 1 1 0 5 1 15 10 10 6 0 36
1 1 1 0 5 1 15 10 5 8 0 35
12345
12345
12345
12345
12345
1 1 1 0 1 2 0 0 17 2 0 602
12345
12345
12345
12345
12345
12345
12345
12345
12345
12345
12345
12345
12345
12345
12345
12345
1 1 1 1 1 1 15 10 29 3 0 42
1 1 1 0 2 1 14 8 65 2 0 27
1 1 1 0 3 1 15 10 60 2 0 132
1 1 1 0 4 1 15 10 66 2 0 133
12345
12345
12345
12345
1 1 1 0 0 2 0 0 11 5 0 438
12345
12345
12345
12345
12345
12345
12345
12345
12345
12345
12345
12345
12345
12345
12345
12345
12345
1 1 1 2 1 1 14 9 39 6 1 111
12345
12345
12345
12345
12345
12345
1 1 1 0 5 2 0 0 18 1 0 1188
1 1 1 0 5 2 0 0 17 2 0 1214
12345
12345
12345
12345
1 1 1 0 1 2 0 0 19 2 0 616
12345
12345
12345
12345
12345
12345
12345
12345
12345
12345
1 1 1 0 4 1 15 10 61 4 0 37
12345
1 1 1 0 2 1 14 8 40 4 0 133
1 1 1 0 3 1 14 8 49 4 0 32
12345
12345
12345
12345
12345
12345
1 1 1 0 0 2 0 0 23 4 0 445
12345
12345
12345
12345
12345
12345
12345
12345
12345
12345
12345
12345
12345
12345
12345
12345
12345
12345
12345
12345
1 1 1 0 4 2 0 0 13 1 0 1068
12345
12345
12345
12345
12345
12345
12345
12345
12345
12345
12345
12345
12345
12345
12345
12345
1 1 1 2 1 1 13 6 19 2 0 95
1 1 1 0 2 1 14 8 54 3 0 36
1 1 1 0 3 1 15 10 60 3 0 130
1 1 1 0 4 1 15 10 70 3 0 134
12345
12345
12345
12345
12345
12345
12345
12345
12345
12345
12345
12345
12345
12345
12345
12345
12345
12345
12345
12345
12345
1 1 1 2 1 1 14 9 35 2 1 45
1 1 1 0 2 1 14 9 64 3 1 59
1 1 1 0 3 1 14 9 60 3 1 84
1 1 1 0 4 1 12 4 62 3 0 87
12345
12345
12345
1 1 1 0 6 2 0 0 23 4 0 302
12345
12345
12345
12345
12345
12345
12345
12345
12345
12345
12345
12345
12345
12345
12345
12345
12345
12345
1 1 1 2 1 1 14 9 16 9 1 54
12345
12345
12345
12345
12345
12345
12345
12345
12345
12345
12345
12345
12345
12345
12345
12345
12345
12345
12345
12345
1 1 1 1 1 1 14 8 11 1 0 121
12345
1 1 1 1 1 1 14 8 13 2 0 133
1 1 1 0 2 1 15 10 46 1 0 61
1 1 1 0 3 1 15 10 56 1 0 100
1 1 1 0 4 1 15 10 68 1 0 98
12345
12345
12345
12345
12345
12345
12345
12345
12345
12345
12345
12345
12345
12345
12345
12345
12345
12345
12345
12345
12345
1 1 1 0 5 1 14 9 29 4 1 79
1 1 1 0 5 1 14 9 22 6 1 62
1 1 1 0 5 1 14 9 15 8 1 45
12345
12345
12345
1 1 1 0 1 2 0 0 23 4 0 494
12345
12345
12345
12345
12345
12345
12345
12345
12345
12345
12345
12345
12345
12345
12345
12345
12345
12345
12345
12345
12345
12345
12345
1 1 1 0 6 2 0 0 10 3 0 229
12345
12345
12345
12345
12345
12345
12345
12345
12345
12345
12345
12345
12345
12345
12345
12345
12345
12345
12345
1 1 1 0 1 2 0 0 9 5 0 506
12345
12345
12345
12345
12345
12345
12345
12345
12345
12345
12345
12345
12345
12345
12345
12345
12345
12345
1 1 1 2 1 1 15 10 41 2 0 72
1 1 1 0 2 1 14 9 77 3 1 61
1 1 1 0 2 1 14 9 80 3 1 61
1 1 1 0 3 1 14 9 72 3 1 92
1 1 1 0 4 1 15 10 76 3 0 90
12345
12345
12345
12345
12345
12345
12345
12345
12345
12345
12345
12345
12345
12345
12345
12345
12345
12345
12345
12345
12345
12345
12345
12345
12345
12345
1 1 1 0 4 2 0 0 18 6 0 935
12345
12345
12345
12345
12345
12345
12345
12345
12345
12345
12345
12345
12345
12345
12345
12345
1 1 1 2 1 1 12 4 19 6 0 25
1 1 1 0 2 1 14 8 0 8 0 105
1 1 1 0 3 1 14 8 4 8 0 75
1 1 1 0 4 1 14 8 9 8 0 90
12345
12345
12345
12345
1 1 1 0 5 2 0 0 10 3 0 1124
12345
12345
1 1 1 0 4 2 0 0 13 1 0 1068
1 1 1 0 5 2 0 0 14 1 0 1094
1 1 1 0 4 2 0 0 14 2 0 1050
1 1 1 0 4 2 0 0 13 3 0 998
1 1 1 0 4 2 0 0 11 5 0 989
12345
12345
12345
12345
12345
12345
12345
12345
12345
12345
12345
12345
12345
12345
12345
12345
12345
12345
12345
1 1 1 0 0 2 0 0 18 4 0 379
12345
12345
12345
12345
12345
12345
12345
12345
12345
12345
12345
12345
12345
12345
12345
12345
12345
1 1 1 0 3 1 14 8 2 8 0 17
1 1 1 0 4 1 14 8 7 8 0 46
12345
12345
12345
12345
12345
12345
1 1 1 0 5 2 0 0 14 1 0 1094
1 1 1 0 5 2 0 0 14 2 0 1094
1 1 1 0 4 2 0 0 13 3 0 1047
1 1 1 0 4 2 0 0 11 5 0 1024
12345
12345
12345
12345
12345
12345
12345
12345
12345
12345
12345
12345
12345
12345
1 1 1 0 3 1 14 9 33 2 1 53
12345
1 1 1 1 1 1 13 7 12 3 1 168
1 1 1 0 2 1 15 10 33 2 0 93
1 1 1 0 4 1 12 4 34 2 0 49
12345
12345
12345
12345
1 1 1 0 3 2 0 0 11 5 0 817
12345
12345
12345
12345
12345
12345
12345
12345
12345
12345
12345
12345
12345
12345
12345
12345
12345
1 1 1 1 1 1 13 6 2 3 0 160
12345
12345
12345
12345
12345
12345
12345
12345
12345
12345
12345
12345
12345
12345
12345
12345
12345
12345
12345
12345
12345
12345
12345
12345
12345
12345
12345
12345
1 1 1 0 2 2 0 0 11 5 0 696
1 1 1 0 5 2 0 0 16 6 0 1106
12345
12345
1 1 1 0 3 2 0 0 14 2 0 900
12345
12345
12345
12345
12345
12345
12345
12345
12345
12345
12345
12345
1 1 1 2 5 1 14 8 5 1 0 165
1 1 1 0 5 1 15 10 20 4 0 72
1 1 1 0 5 1 15 10 20 6 0 87
1 1 1 0 5 1 15 10 22 8 0 85
12345
12345
12345
12345
12345
12345
12345
12345
12345
12345
12345
12345
12345
12345
12345
12345
12345
12345
12345
12345
12345
12345
12345
12345
12345
1 1 1 0 1 2 0 0 21 1 0 499
12345
12345
12345
12345
12345
12345
12345
12345
12345
12345
12345
12345
12345
12345
12345
12345
12345
1 1 1 1 1 1 15 10 6 6 0 142
1 1 1 0 4 1 14 8 4 6 0 41
12345
12345
12345
12345
12345
12345
1 1 1 0 2 2 0 0 13 1 0 766
1 1 1 0 2 2 0 0 10 3 0 745
1 1 1 0 2 2 0 0 11 5 0 745
12345
12345
12345
12345
12345
12345
12345
12345
12345
12345
12345
12345
12345
12345
1 1 1 0 2 1 15 10 108 1 0 37
12345
1 1 1 1 1 1 14 9 4 4 1 42
1 1 1 0 3 1 14 9 1 4 1 58
1 1 1 0 4 1 13 7 7 4 1 34
12345
12345
12345
12345
12345
12345
1 1 1 0 0 2 0 0 13 3 0 433
1 1 1 0 0 2 0 0 11 5 0 464
12345
12345
12345
12345
12345
12345
12345
12345
12345
12345
12345
12345
12345
12345
12345
1 1 1 0 2 1 15 10 68 3 0 136
1 1 1 0 3 1 14 9 53 3 1 14
1 1 1 0 4 1 14 9 45 3 1 3
12345
12345
12345
12345
12345
12345
1 1 1 0 4 2 0 0 14 2 0 1007
12345
12345
12345
12345
12345
12345
12345
12345
12345
12345
12345
12345
12345
12345
12345
12345
12345
12345
12345
1 1 1 0 5 2 0 0 9 5 0 1148
12345
12345
12345
12345
12345
12345
12345
12345
12345
12345
12345
12345
12345
12345
12345
12345
12345
1 1 1 0 2 1 15 10 51 8 0 152
1 1 1 0 2 1 15 10 48 9 0 0
1 1 1 0 3 1 15 10 60 8 0 4
1 1 1 0 3 1 15 10 63 9 0 153
12345
12345
12345
12345
12345
12345
12345
12345
12345
12345
12345
12345
12345
12345
12345
12345
12345
12345
12345
12345
12345
12345
12345
12345
12345
12345
12345
12345
1 1 1 0 5 2 0 0 11 5 0 1094
12345
12345
12345
12345
12345
12345
12345
12345
12345
12345
12345
12345
12345
12345
1 1 1 2 1 1 14 9 13 6 1 110
12345
12345
12345
12345
12345
12345
1 1 1 0 5 2 0 0 14 1 0 1190
1 1 1 0 5 2 0 0 14 2 0 1218
12345
12345
12345
12345
12345
12345
12345
12345
12345
12345
12345
12345
12345
12345
12345
1 1 1 2 1 1 14 8 25 3 0 40
1 1 1 0 2 1 14 8 73 3 0 67
1 1 1 0 3 1 14 8 83 3 0 118
12345
12345
12345
12345
12345
12345
1 1 1 0 4 2 0 0 9 5 0 958
12345
12345
12345
12345
12345
12345
12345
12345
12345
12345
12345
12345
12345
12345
12345
12345
12345
12345
12345
12345
12345
12345
12345
12345
12345
1 1 1 0 3 2 0 0 21 6 0 846
12345
12345
12345
